-1183,-1231
-1724,-1733
-1226,-1243
-1585,-1571
-1710,-1722
-1385,-1395
-2046,-2004
-1010,-1014
-1363,-1333
-1640,-1641
-1282,-1297
-1719,-1733
-1658,-1651
-1637,-1657
-1720,-1714
-1381,-1361
-1477,-1456
-1303,-1289
-1357,-1377
-1609,-1593
-1558,-1554
-1458,-1456
-1580,-1565
-1366,-1393
-1767,-1772
-1637,-1661
-1588,-1594
-1549,-1541
-1646,-1636
-2046,-2042
-1789,-1785
-1550,-1531
-1581,-1566
-1715,-1721
-1648,-1626
-1641,-1627
-1576,-1555
-1809,-1785
-1341,-1340
-1148,-1175
-1515,-1507
-1477,-1515
-1622,-1612
-1610,-1582
-1778,-1778
-1533,-1508
-1331,-1348
-1108,-1124
-1705,-1715
-1424,-1429
-1568,-1577
-1552,-1538
-1803,-1785
-1490,-1460
-1283,-1300
-1450,-1450
-1514,-1495
-1084,-1086
-1915,-1837
-1532,-1535
-1373,-1356
-1770,-1776
-1425,-1414
-1342,-1325
-1576,-1594
-1350,-1369
-1345,-1325
-1572,-1600
-992,-1051
-1335,-1329
-1177,-1214
-1917,-1896
-1897,-1896
-1724,-1716
-1527,-1534
-1622,-1608
-1639,-1639
-1385,-1391
-1787,-1770
-1721,-1725
-1753,-1768
-1446,-1462
-1174,-1215
-1515,-1554
-1729,-1702
-1470,-1457
-1227,-1229
-1065,-1106
-1531,-1517
-1781,-1771
-1665,-1658
-1229,-1224
-1517,-1504
-1663,-1641
-1535,-1608
-1593,-1597
-1799,-1784
-2056,-2053
-2050,-2053
-1774,-1745
-1520,-1526
-1702,-1716
-1676,-1653
-1151,-1131
-1926,-1874
-1383,-1397
-1444,-1443
-1018,-996
-1516,-1487
-1418,-1470
-1347,-1378
-1459,-1475
-1175,-1177
-1847,-1846
-1305,-1298
-1269,-1272
-1685,-1633
-1720,-1713
-1416,-1426
-1231,-1228
-1353,-1350
-1726,-1728
-1799,-1810
-1644,-1641
-1092,-1090
-1563,-1561
-1572,-1592
-1320,-1332
-1781,-1826
-1348,-1368
-1446,-1450
-1550,-1541
-1756,-1767
-1863,-1839
-1544,-1533
-1746,-1693
-1150,-1170
-1519,-1517
-1792,-1778
-1542,-1577
-1448,-1447
-1477,-1478
-1292,-1296
-1924,-1843
-1707,-1704
-1649,-1647
-1480,-1491
-1636,-1649
-1605,-1585
-1632,-1657
-1264,-1289
-1727,-1700
-1351,-1318
-1726,-1727
-1369,-1373
-1602,-1575
-1647,-1632
-1776,-1784
-1716,-1731
-1327,-1335
-1484,-1524
-1455,-1462
-1921,-1921
-1795,-1770
-1805,-1802
-1615,-1631
-1366,-1383
-1650,-1627
-1366,-1392
-1257,-1253
-1717,-1716
-1029,-1028
-1352,-1360
-1419,-1410
-1788,-1782
-796,-829
-1577,-1572
-1437,-1430
-1340,-1353
-1418,-1419
-1536,-1523
-1685,-1661
-1466,-1465
-1125,-1124
-2066,-2023
-1679,-1668
-1352,-1312
-1471,-1486
-1088,-1090
-1562,-1572
-1300,-1243
-1225,-1223
-1585,-1580
-1910,-1911
-1200,-1231
-1208,-1218
-1796,-1794
-1762,-1756
-1719,-1696
-1657,-1631
-1418,-1394
-1707,-1719
-2062,-2055
-1564,-1594
-1583,-1598
-1913,-1912
-1630,-1624
-1221,-1215
-1915,-1914
-1583,-1578
-1555,-1514
-1715,-1713
-1533,-1533
-1462,-1463
-1686,-1681
-1444,-1426
-1660,-1653
-1406,-1387
-1450,-1447
-1852,-1833
-1683,-1662
-1426,-1438
-1702,-1715
-1797,-1797
-1759,-1753
-1494,-1475
-1738,-1714
-1897,-1883
-1356,-1343
-1697,-1689
-1350,-1338
-1745,-1762
-1696,-1700
-1598,-1581
-1848,-1844
-1325,-1357
-1570,-1532
-1614,-1600
-1213,-1200
-1278,-1320
-1327,-1325
-1637,-1664
-1926,-1885
-1762,-1775
-1242,-1242
-1792,-1774
-1613,-1583
-1518,-1503
-1492,-1480
-1545,-1563
-1756,-1781
-1302,-1308
-1661,-1657
-1482,-1467
-1232,-1221
-1667,-1649
-1362,-1385
-1463,-1525
-1986,-1987
-1670,-1646
-1842,-1850
-1458,-1452
-1720,-1669
-1774,-1778
-1267,-1255
-1799,-1787
-1604,-1623
-1563,-1547
-1562,-1582
-1487,-1488
-1457,-1454
-1565,-1565
-1581,-1540
-1390,-1398
-1782,-1769
-1435,-1414
-1791,-1749
-1513,-1493
-1453,-1458
-1553,-1538
-1661,-1667
-1598,-1575
-1651,-1641
-1483,-1481
-1277,-1265
-1480,-1451
-1644,-1630
-1396,-1417
-1539,-1524
-1511,-1538
-1728,-1739
-1537,-1551
-1000,-1001
-1371,-1379
-1565,-1582
-1104,-1115
-1776,-1792
-1411,-1414
-1017,-983
-1646,-1614
-1720,-1736
-1245,-1249
-1590,-1575
-1370,-1368
-1163,-1159
-1628,-1632
-1348,-1355
-1359,-1358
-1062,-1083
-1914,-1908
-1534,-1569
-1421,-1423
-1176,-1179
-1504,-1465
-1137,-1166
-1086,-1050
-1928,-1986
-1775,-1722
-1936,-1974
-1464,-1495
-1287,-1316
-1156,-1175
-1245,-1258
-1361,-1390
-1355,-1368
-1531,-1540
-1809,-1817
-1801,-1791
-1491,-1497
-1670,-1653
-1554,-1567
-1230,-1251
-1457,-1488
-1703,-1720
-1444,-1439
-1447,-1448
-1656,-1654
-1585,-1590
-1278,-1300
-1467,-1483
-1545,-1540
-1563,-1539
-1214,-1228
-1393,-1391
-1316,-1318
-1455,-1460
-1916,-1919
-1910,-1920
-1615,-1582
-2065,-1940
-1587,-1578
-1356,-1336
-1025,-1007
-1725,-1719
-1249,-1252
-1254,-1230
-1609,-1589
-1017,-1024
-1350,-1383
-1804,-1792
-1365,-1384
-1398,-1409
-1364,-1371
-1260,-1286
-1766,-1757
-1441,-1448
-1296,-1342
-1564,-1574
-1803,-1830
-1444,-1471
-2191,-2155
-1353,-1347
-1360,-1348
-1673,-1647
-1852,-1807
-1445,-1461
-1317,-1308
-1455,-1499
-1260,-1240
-1724,-1731
-1527,-1505
-1695,-1715
-1672,-1654
-1568,-1550
-1582,-1570
-1370,-1379
-1697,-1720
-1521,-1519
-1918,-1885
-1450,-1429
-1430,-1357
-1526,-1505
-1304,-1315
-1623,-1646
-1610,-1617
-1295,-1278
-1602,-1602
-1483,-1472
-1187,-1216
-1769,-1770
-1475,-1472
-1376,-1350
-1458,-1443
-1475,-1514
-1324,-1334
-1915,-1908
-1929,-1974
-1344,-1374
-1920,-1925
-1648,-1638
-1234,-1238
-1248,-1262
-1459,-1453
-1430,-1423
-1438,-1393
-1653,-1621
-1594,-1596
-1564,-1588
-1567,-1521
-1419,-1419
-1909,-1913
-1465,-1478
-1541,-1535
-1528,-1528
-1596,-1573
-1346,-1350
-893,-926
-1363,-1355
-1587,-1586
-1467,-1507
-1659,-1635
-1444,-1449
-1717,-1724
-1522,-1512
-1710,-1706
-1653,-1655
-1497,-1496
-1503,-1518
-1319,-1304
-1769,-1777
-1916,-1910
-1423,-1420
-1387,-1386
-1441,-1453
-1450,-1473
-1115,-1086
-1763,-1779
-1343,-1326
-1514,-1520
-1324,-1314
-1583,-1577
-1395,-1417
-1213,-1211
-1783,-1814
-1912,-1914
-1346,-1437
-1933,-1910
-1246,-1230
-1648,-1630
-1696,-1729
-1655,-1610
-1362,-1370
-1781,-1763
-1786,-1757
-1430,-1422
-1214,-1233
-1323,-1316
-1794,-1765
-1568,-1553
-1523,-1506
-1539,-1530
-1438,-1462
-903,-895
-1298,-1304
-1295,-1290
-1349,-1328
-1343,-1325
-1621,-1615
-1555,-1560
-1913,-1909
-1570,-1554
-1586,-1593
-1707,-1705
-1428,-1463
-1375,-1350
-1721,-1713
-1665,-1668
-1237,-1227
-1308,-1321
-1521,-1506
-1693,-1687
-1694,-1690
-1495,-1530
-1531,-1556
-1430,-1433
-1340,-1348
-1218,-1231
-1467,-1515
-1651,-1655
-1273,-1252
-1920,-1903
-1736,-1765
-1396,-1428
-1726,-1729
-1653,-1652
-1559,-1577
-1453,-1434
-1558,-1574
-1554,-1536
-1448,-1454
-1540,-1571
-1362,-1362
-1242,-1256
-1541,-1507
-1763,-1781
-1518,-1534
-1275,-1236
-1503,-1524
-1786,-1781
-1611,-1592
-1640,-1654
-1599,-1592
-1714,-1701
-1451,-1439
-1778,-1828
-1725,-1710
-1842,-1865
-1208,-1200
-1635,-1605
-1489,-1453
-1786,-1760
-1453,-1438
-1234,-1216
-1721,-1719
-1477,-1485
-1718,-1710
-1786,-1745
-1781,-1783
-1586,-1566
-1760,-1770
-1622,-1653
-1282,-1297
-1158,-1177
-1619,-1610
-1908,-1857
-1785,-1750
-2057,-2054
-1645,-1618
-1418,-1459
-1446,-1426
-1578,-1583
-1727,-1676
-1522,-1519
-1240,-1235
-1434,-1486
-1777,-1768
-1781,-1755
-1666,-1642
-1766,-1769
-1122,-1130
-1588,-1620
-1788,-1779
-1389,-1362
-1518,-1514
-1297,-1317
-1856,-1853
-1896,-1910
-1515,-1524
-1517,-1522
-1278,-1294
-1686,-1663
-1429,-1415
-1340,-1342
-1249,-1240
-1511,-1477
-1633,-1652
-1370,-1356
-1901,-1913
-1362,-1381
-1612,-1610
-1531,-1527
-1522,-1529
-1638,-1623
-1051,-1055
-1458,-1413
-1302,-1290
-1705,-1664
-1772,-1777
-1774,-1731
-1780,-1765
-1660,-1645
-1771,-1775
-1645,-1643
-1517,-1499
-1469,-1480
-1515,-1509
-1282,-1242
-1533,-1538
-1346,-1377
-1610,-1624
-1174,-1183
-860,-864
-1400,-1394
-1368,-1357
-1717,-1713
-1359,-1338
-1749,-1744
-1433,-1419
-1540,-1532
-1927,-1938
-1513,-1512
-1526,-1523
-1467,-1494
-1239,-1244
-1492,-1491
-1512,-1517
-1762,-1763
-1582,-1607
-1623,-1605
-1512,-1504
-1239,-1226
-1546,-1561
-1348,-1329
-1099,-1163
-1494,-1495
-1591,-1595
-1597,-1580
-1638,-1654
-1646,-1636
-1659,-1652
-1993,-1992
-1450,-1460
-1666,-1645
-1563,-1576
-1410,-1411
-1909,-1901
-1312,-1327
-1314,-1347
-1593,-1606
-1582,-1579
-1763,-1739
-1062,-1059
-1707,-1712
-1253,-1267
-1716,-1723
-1911,-1911
-1357,-1336
-1311,-1301
-1667,-1664
-1526,-1512
-1416,-1431
-1648,-1654
-1281,-1261
-1210,-1192
-1868,-1861
-1399,-1392
-1520,-1522
-1608,-1597
-1726,-1727
-1623,-1643
-1607,-1578
-1365,-1362
-1715,-1716
-1798,-1791
-1565,-1553
-1406,-1381
-1428,-1415
-1451,-1449
-1585,-1639
-1173,-1202
-1349,-1333
-1368,-1374
-1706,-1744
-1634,-1632
-1478,-1495
-1842,-1889
-1839,-1846
-785,-885
-1412,-1419
-1522,-1521
-1530,-1523
-1302,-1336
-1719,-1725
-1475,-1463
-1662,-1642
-1324,-1375
-1398,-1384
-1416,-1394
-1256,-1264
-1763,-1769
-1599,-1580
-1643,-1631
-1458,-1469
-1153,-1128
-1754,-1744
-1492,-1457
-1648,-1615
-1784,-1777
-1797,-1769
-1760,-1731
-1284,-1275
-1515,-1505
-1571,-1545
-1534,-1498
-1505,-1523
-1320,-1358
-1344,-1362
-1776,-1767
-1787,-1785
-1177,-1156
-1991,-1991
-1318,-1305
-1565,-1568
-1576,-1605
-1280,-1272
-1352,-1344
-955,-958
-1252,-1232
-1678,-1641
-1756,-1737
-1684,-1623
-1468,-1445
-1712,-1724
-1212,-1212
-1364,-1345
-1550,-1530
-1471,-1464
-1612,-1590
-1582,-1572
-1606,-1597
-1685,-1662
-1536,-1530
-1215,-1220
-1589,-1581
-1718,-1717
-1776,-1769
-1211,-1219
-1574,-1590
-1564,-1588
-1706,-1766
-1550,-1557
-1524,-1500
-1544,-1510
-1261,-1294
-1074,-1066
-1166,-1166
-1535,-1536
-1717,-1734
-1659,-1648
-1729,-1735
-1587,-1560
-1262,-1251
-860,-885
-1571,-1564
-1546,-1534
-1254,-1240
-1564,-1584
-1272,-1281
-1465,-1451
-1430,-1384
-1485,-1504
-1535,-1518
-1633,-1603
-1476,-1442
-1808,-1776
-1453,-1459
-1522,-1501
-1575,-1630
-725,-820
-1291,-1298
-1522,-1514
-1420,-1447
-1368,-1380
-1596,-1571
-1196,-1199
-1715,-1705
-1516,-1529
-1645,-1638
-1167,-1117
-1796,-1773
-1475,-1495
-1573,-1557
-1705,-1725
-1515,-1542
-2047,-1993
-1544,-1558
-973,-998
-1362,-1334
-1589,-1589
-2050,-2053
-1785,-1747
-2050,-2041
-1549,-1544
-1643,-1645
-1656,-1632
-1410,-1408
-1613,-1641
-1447,-1484
-1618,-1614
-1916,-1910
-1411,-1408
-1850,-1855
-1841,-1863
-1586,-1578
-1151,-1147
-1328,-1331
-1394,-1404
-1305,-1304
-1646,-1610
-1490,-1488
-1152,-1132
-1506,-1503
-1293,-1340
-1282,-1307
-1464,-1472
-1392,-1404
-1915,-1925
-1722,-1708
-1480,-1492
-1528,-1526
-1666,-1667
-1422,-1390
-1671,-1645
-1430,-1399
-1651,-1623
-1364,-1396
-1591,-1614
-1276,-1276
-1503,-1464
-1384,-1376
-1697,-1710
-1655,-1657
-1695,-1725
-1328,-1322
-1250,-1272
-1718,-1709
-1269,-1271
-1714,-1731
-1384,-1409
-1327,-1334
-1642,-1680
-1163,-1181
-1750,-1740
-1392,-1421
-1089,-1110
-1553,-1538
-1914,-1931
-1224,-1216
-1324,-1318
-1732,-1722
-1700,-1675
-1613,-1612
-2063,-2053
-1628,-1601
-1726,-1726
-1576,-1584
-1145,-1126
-1429,-1374
-1847,-1829
-1578,-1579
-1416,-1425
-1284,-1265
-1486,-1490
-1440,-1438
-1622,-1594
-1851,-1844
-1615,-1574
-2046,-2034
-1378,-1374
-1785,-1770
-1400,-1408
-1762,-1763
-1724,-1722
-1421,-1413
-1456,-1464
-1554,-1530
-1304,-1324
-1418,-1439
-1614,-1594
-1110,-1139
-1766,-1770
-1466,-1535
-971,-959
-1602,-1575
-1907,-1921
-1606,-1636
-1710,-1714
-1724,-1697
-1478,-1484
-1706,-1704
-1649,-1648
-1314,-1287
-1318,-1318
-1719,-1715
-1595,-1592
-1580,-1593
-1607,-1586
-1317,-1319
-1917,-1911
-1714,-1723
-1799,-1771
-1522,-1496
-1744,-1703
-1666,-1678
-1619,-1643
-1237,-1248
-1415,-1419
-1595,-1591
-1846,-1814
-2050,-1992
-1844,-1839
-1312,-1272
-1773,-1774
-1715,-1701
-1706,-1705
-1608,-1603
-1727,-1714
-1279,-1234
-1908,-1915
-1407,-1376
-1891,-1894
-1422,-1415
-1260,-1259
-1248,-1259
-1853,-1859
-1565,-1577
-1646,-1640
-1911,-1916
-1287,-1316
-1161,-1197
-1640,-1661
-1127,-1210
-1580,-1568
-1646,-1652
-1719,-1712
-1626,-1695
-1289,-1282
-1159,-1170
-1767,-1766
-1811,-1785
-1310,-1330
-1646,-1652
-1561,-1586
-1575,-1565
-1280,-1284
-1491,-1507
-1735,-1710
-1485,-1484
-1301,-1265
-1767,-1792
-1495,-1478
-1390,-1400
-2058,-2054
-1504,-1515
-1778,-1798
-1425,-1447
-1793,-1770
-1130,-1101
-1625,-1646
-1672,-1655
-1471,-1443
-1739,-1711
-1905,-1888
-1642,-1634
-1898,-1890
-1708,-1725
-1919,-1912
-1355,-1350
-1469,-1444
-1676,-1679
-1563,-1500
-1580,-1573
-1781,-1764
-1231,-1230
-1446,-1489
-1416,-1424
-1143,-1173
-1841,-1833
-1456,-1446
-1714,-1730
-1574,-1597
-1425,-1454
-1706,-1700
-1438,-1478
-1723,-1750
-1161,-1142
-1692,-1711
-1497,-1501
-1423,-1455
-1178,-1210
-1517,-1514
-1584,-1593
-1527,-1500
-1551,-1548
-1525,-1512
-1467,-1476
-1242,-1265
-1146,-1160
-1644,-1642
-1455,-1440
-1512,-1495
-1401,-1428
-1754,-1764
-1447,-1464
-1497,-1522
-1725,-1710
-1018,-1023
-1790,-1783
-1053,-1092
-1465,-1439
-1703,-1707
-1557,-1536
-1839,-1865
-1506,-1488
-1255,-1244
-1909,-1889
-1381,-1372
-1902,-1830
-1457,-1435
-1229,-1219
-1661,-1658
-1257,-1264
-1282,-1260
-1723,-1695
-1718,-1709
-1782,-1773
-1555,-1521
-1767,-1768
-1452,-1463
-1543,-1560
-1621,-1608
-1645,-1593
-1286,-1257
-1475,-1493
-1440,-1446
-1682,-1669
-1562,-1589
-1622,-1634
-1444,-1466
-1067,-1101
-1607,-1586
-1530,-1510
-1894,-1909
-1589,-1597
-1350,-1356
-1278,-1274
-1179,-1146
-1588,-1586
-1536,-1505
-1698,-1737
-1847,-1831
-1755,-1762
-1658,-1647
-1349,-1368
-1490,-1508
-1360,-1378
-1328,-1330
-1324,-1313
-1919,-1871
-1614,-1582
-1588,-1561
-1839,-1843
-1405,-1378
-1584,-1591
-1751,-1754
-1644,-1630
-1488,-1493
-1717,-1707
-1389,-1396
-1361,-1377
-1437,-1492
-1712,-1718
-1914,-1912
-1249,-1232
-1204,-1227
-1236,-1238
-1608,-1610
-1617,-1611
-1451,-1423
-1771,-1799
-1327,-1312
-1492,-1506
-1711,-1714
-1453,-1439
-1358,-1385
-1994,-2034
-1847,-1889
-1504,-1497
-1503,-1515
-1621,-1592
-1542,-1592
-1649,-1644
-1321,-1350
-1545,-1533
-1570,-1569
-1228,-1229
-1719,-1704
-1460,-1450
-1545,-1537
-1605,-1569
-1501,-1501
-1524,-1515
-1446,-1471
-1456,-1458
-1525,-1511
-1486,-1486
-1569,-1589
-1780,-1777
-1547,-1523
-1499,-1475
-1456,-1454
-1531,-1532
-1378,-1387
-1358,-1355
-1188,-1184
-1499,-1508
-1655,-1644
-1612,-1593
-2055,-2055
-1628,-1637
-1566,-1592
-1853,-1866
-1451,-1482
-1513,-1505
-1161,-1179
-1781,-1803
-1782,-1775
-1437,-1455
-1638,-1627
-1464,-1480
-1779,-1785
-1860,-1893
-1244,-1351
-1786,-1794
-1589,-1564
-1915,-1914
-1378,-1393
-1714,-1744
-1723,-1685
-1712,-1714
-1637,-1637
-1838,-1870
-1781,-1770
-1914,-1876
-1908,-1912
-1595,-1587
-1917,-1919
-1399,-1382
-1431,-1431
-1699,-1655
-1805,-1783
-1566,-1584
-1242,-1277
-1600,-1597
-1710,-1704
-1717,-1710
-1271,-1267
-1532,-1521
-1867,-1863
-1853,-1890
-1846,-1844
-1356,-1383
-1761,-1772
-1496,-1470
-1386,-1409
-1472,-1470
-1407,-1423
-1732,-1716
-1862,-1884
-1493,-1434
-1505,-1509
-1405,-1381
-1463,-1450
-1584,-1593
-1189,-1180
-1711,-1705
-2062,-2053
-1217,-1248
-1315,-1318
-1033,-1031
-1495,-1485
-1506,-1511
-1411,-1410
-1546,-1551
-1714,-1707
-1448,-1453
-1547,-1550
-1462,-1455
-1402,-1376
-1620,-1625
-1698,-1684
-1505,-1491
-1729,-1696
-1679,-1649
-1380,-1406
-1656,-1651
-1908,-1855
-1637,-1636
-1333,-1321
-1420,-1409
-1489,-1460
-1759,-1769
-1583,-1585
-1276,-1321
-1337,-1328
-1052,-1070
-1837,-1838
-1234,-1234
-1912,-1904
-1533,-1516
-1486,-1504
-1356,-1353
-1728,-1759
-1767,-1767
-1662,-1655
-1363,-1359
-1635,-1626
-1313,-1327
-1621,-1616
-1755,-1743
-1247,-1217
-1328,-1338
-1857,-1877
-1425,-1399
-1373,-1373
-1580,-1560
-1371,-1376
-1289,-1313
-1287,-1280
-1362,-1391
-1395,-1445
-1603,-1651
-1548,-1579
-1336,-1296
-1247,-1284
-1760,-1779
-1350,-1333
-1524,-1525
-1489,-1449
-1442,-1459
-945,-962
-1908,-1911
-1659,-1648
-1450,-1470
-1642,-1611
-1624,-1601
-1634,-1639
-1575,-1583
-1339,-1316
-1757,-1759
-1552,-1585
-1472,-1452
-1751,-1755
-1648,-1630
-1992,-2032
-1341,-1353
-1628,-1645
-1564,-1588
-1500,-1515
-1851,-1909
-1545,-1532
-1672,-1678
-1408,-1400
-1522,-1526
-1277,-1278
-1323,-1300
-1511,-1511
-1392,-1389
-1932,-1994
-1539,-1561
-1300,-1300
-1357,-1380
-1350,-1346
-1866,-1849
-1563,-1529
-1606,-1587
-1553,-1538
-1914,-1910
-1787,-1820
-1382,-1392
-1394,-1412
-1331,-1345
-2063,-2053
-1726,-1731
-1387,-1392
-1922,-1924
-1919,-1842
-1509,-1510
-1779,-1774
-1920,-1911
-1249,-1245
-1839,-1886
-2048,-2053
-1715,-1720
-1760,-1723
-1938,-1921
-1384,-1376
-1373,-1384
-1917,-1914
-1695,-1702
-1413,-1412
-1769,-1734
-1871,-1876
-1572,-1560
-1244,-1245
-1924,-1918
-1785,-1738
-1909,-1911
-1605,-1586
-1748,-1744
-861,-860
-1704,-1707
-1656,-1615
-1274,-1258
-1417,-1431
-1624,-1612
-1510,-1499
-1267,-1262
-1481,-1475
-1786,-1717
-1455,-1448
-1414,-1417
-1429,-1438
-1647,-1647
-1781,-1821
-1424,-1411
-1615,-1607
-1647,-1636
-1129,-1083
-871,-873
-1310,-1290
-1363,-1345
-1621,-1609
-1339,-1350
-1368,-1346
-1441,-1466
-1604,-1620
-1706,-1709
-1215,-1225
-1615,-1589
-1696,-1684
-1670,-1676
-1168,-1202
-1405,-1422
-1629,-1647
-1683,-1708
-1354,-1345
-2045,-2042
-1500,-1491
-1241,-1225
-1581,-1588
-1449,-1479
-1029,-1012
-1319,-1337
-1506,-1476
-1509,-1521
-1471,-1471
-1152,-1168
-1614,-1612
-1315,-1273
-1606,-1533
-1567,-1569
-1733,-1737
-1540,-1539
-1726,-1710
-1780,-1810
-1609,-1614
-1602,-1598
-1917,-1912
-1610,-1585
-1643,-1638
-1838,-1843
-1557,-1520
-1537,-1517
-1553,-1511
-1991,-2043
-2046,-1999
-1329,-1354
-1912,-1913
-1510,-1515
-1409,-1424
-1500,-1503
-1411,-1418
-1191,-1208
-1574,-1588
-1269,-1270
-1745,-1753
-1396,-1366
-1111,-1161
-1699,-1687
-1515,-1534
-1401,-1414
-1723,-1718
-1341,-1335
-1837,-1835
-1389,-1381
-1687,-1740
-1610,-1605
-1108,-1074
-1162,-1192
-1321,-1331
-1913,-1915
-1350,-1350
-1569,-1577
-1334,-1324
-1307,-1291
-1430,-1447
-1544,-1524
-1725,-1699
-1783,-1786
-1442,-1425
-1524,-1510
-1498,-1525
-1778,-1796
-1661,-1660
-1443,-1449
-1314,-1269
-1508,-1524
-1256,-1261
-1432,-1466
-1485,-1439
-1570,-1603
-1473,-1507
-1909,-1915
-1451,-1390
-1551,-1528
-1335,-1337
-1248,-1288
-1625,-1626
-2045,-2023
-1573,-1526
-1376,-1384
-1719,-1705
-1449,-1442
-1365,-1349
-1703,-1691
-1577,-1556
-1502,-1519
-1743,-1753
-1565,-1536
-1446,-1450
-1494,-1509
-1527,-1502
-1685,-1678
-1577,-1592
-1580,-1603
-1452,-1413
-1520,-1519
-1311,-1326
-1786,-1834
-1456,-1435
-2047,-2041
-1581,-1585
-1610,-1631
-1712,-1721
-1906,-1903
-1717,-1710
-1692,-1701
-1308,-1303
-1327,-1313
-1362,-1347
-1714,-1709
-1278,-1270
-1437,-1426
-1864,-1855
-1669,-1638
-1914,-1914
-1619,-1609
-1570,-1574
-1919,-1895
-1641,-1639
-1576,-1592
-1023,-990
-1255,-1280
-1853,-1880
-1604,-1601
-1254,-1275
-1540,-1479
-1384,-1408
-1394,-1408
-1581,-1539
-1484,-1469
-1798,-1782
-1569,-1595
-1649,-1639
-1650,-1612
-1445,-1430
-1917,-1915
-1423,-1390
-1587,-1617
-1633,-1632
-1548,-1550
-1383,-1402
-1911,-1877
-963,-969
-2055,-2047
-1609,-1577
-1852,-1841
-1404,-1436
-1454,-1392
-1297,-1304
-1787,-1752
-1323,-1325
-1803,-1784
-1385,-1361
-1257,-1227
-1750,-1753
-1403,-1406
-1665,-1676
-1466,-1427
-1368,-1381
-1375,-1351
-1587,-1511
-1327,-1316
-1614,-1578
-1576,-1563
-1372,-1360
-1723,-1723
-1494,-1449
-1231,-1209
-1218,-1210
-1420,-1417
-1018,-1014
-1597,-1628
-1651,-1640
-1554,-1556
-1210,-1211
-1836,-1835
-1663,-1636
-1503,-1516
-1471,-1442
-1657,-1636
-1585,-1594
-1923,-1850
-1279,-1301
-1551,-1516
-1557,-1550
-1617,-1577
-1306,-1314
-1571,-1537
-1124,-1132
-1643,-1624
-1345,-1341
-1424,-1397
-1747,-1733
-1123,-1131
-1584,-1602
-1720,-1735
-1507,-1525
-1581,-1577
-1935,-1986
-1296,-1271
-1719,-1705
-1495,-1459
-1518,-1532
-1743,-1726
-1566,-1550
-1702,-1730
-1246,-1222
-1584,-1572
-1651,-1637
-1382,-1379
-1258,-1235
-1187,-1227
-1676,-1665
-1647,-1638
-1317,-1335
-1513,-1501
-1713,-1721
-1789,-1760
-1793,-1816
-1376,-1368
-1358,-1362
-1840,-1863
-1844,-1849
-1635,-1631
-1926,-1965
-1644,-1639
-1464,-1449
-1512,-1502
-1339,-1371
-1711,-1712
-1326,-1388
-1286,-1311
-1495,-1482
-1681,-1706
-1918,-1910
-1842,-1842
-1685,-1618
-1492,-1498
-1152,-1149
-1590,-1585
-1341,-1350
-1783,-1782
-1146,-1158
-1713,-1699
-1714,-1741
-1921,-1916
-1483,-1474
-1549,-1518
-1734,-1732
-1463,-1474
-1928,-1916
-1984,-1950
-1322,-1322
-1623,-1604
-1719,-1727
-1166,-1159
-1854,-1860
-1424,-1443
-1576,-1602
-1789,-1779
-1916,-1917
-1523,-1522
-1395,-1409
-861,-854
-1423,-1459
-1276,-1286
-1437,-1412
-1219,-1190
-1758,-1781
-1920,-1922
-1904,-1873
-1587,-1581
-1578,-1567
-1295,-1254
-1036,-1082
-1359,-1363
-1754,-1779
-1654,-1657
-1312,-1323
-1438,-1402
-1517,-1512
-1719,-1711
-1626,-1616
-1693,-1691
-1536,-1530
-1626,-1569
-1478,-1479
-1425,-1463
-1192,-1197
-1185,-1161
-1983,-1982
-1540,-1542
-1709,-1719
-1662,-1661
-1554,-1523
-1608,-1633
-1125,-1107
-1779,-1746
-1507,-1476
-1849,-1800
-1768,-1756
-1653,-1657
-1050,-1053
-1569,-1574
-1373,-1427
-1389,-1368
-1465,-1457
-1582,-1585
-1413,-1396
-1863,-1849
-1747,-1777
-1707,-1700
-1597,-1614
-1410,-1410
-1158,-1181
-1604,-1571
-1239,-1239
-1722,-1710
-1624,-1686
-1471,-1468
-1471,-1499
-1720,-1695
-1347,-1345
-1921,-1916
-1398,-1413
-1631,-1605
-1304,-1313
-1654,-1659
-1344,-1345
-1511,-1519
-2064,-2053
-1780,-1781
-1447,-1446
-1612,-1608
-1230,-1224
-1209,-1168
-1544,-1523
-1800,-1772
-1802,-1823
-1803,-1793
-1408,-1391
-1434,-1443
-1493,-1500
-1427,-1461
-768,-822
-1582,-1570
-1660,-1648
-1922,-1913
-1388,-1406
-1577,-1587
-1234,-1243
-1613,-1613
-1401,-1420
-1525,-1522
-1697,-1713
-1906,-1921
-1227,-1224
-1314,-1301
-1569,-1578
-1429,-1430
-1176,-1147
-1349,-1357
-1242,-1295
-1657,-1615
-1206,-1216
-1649,-1647
-1318,-1334
-1565,-1576
-1322,-1310
-1788,-1747
-2050,-2012
-1754,-1748
-1720,-1705
-1275,-1215
-1546,-1546
-1435,-1409
-1248,-1249
-1503,-1521
-1592,-1557
-1159,-1249
-1337,-1321
-1255,-1220
-1640,-1631
-2057,-2048
-1264,-1249
-1482,-1448
-1440,-1432
-1927,-1992
-1546,-1548
-1364,-1364
-1335,-1366
-1302,-1271
-1652,-1657
-1516,-1520
-1486,-1483
-1632,-1585
-1336,-1309
-1785,-1770
-1710,-1716
-1847,-1826
-1646,-1652
-1732,-1705
-1518,-1486
-1914,-1917
-1417,-1446
-1645,-1659
-1759,-1750
-1423,-1419
-1571,-1547
-1640,-1656
-1663,-1644
-564,-815
-1437,-1447
-1565,-1567
-1617,-1607
-1651,-1641
-1093,-1064
-1397,-1414
-1511,-1519
-1492,-1505
-1298,-1316
-1929,-1923
-1588,-1564
-1778,-1744
-1628,-1599
-1585,-1556
-1687,-1706
-404,-802
-1452,-1438
-1358,-1350
-1716,-1711
-1716,-1711
-1602,-1609
-1316,-1359
-1652,-1598
-1312,-1278
-1631,-1641
-1179,-1210
-1267,-1266
-1525,-1522
-1718,-1739
-1917,-1915
-1421,-1402
-1256,-1235
-1987,-1991
-1586,-1613
-1768,-1767
-1688,-2095
-1699,-1722
-1552,-1569
-1237,-1232
-1840,-1873
-1506,-1492
-1561,-1517
-1768,-1776
-1315,-1311
-1524,-1484
-1664,-1639
-1710,-1717
-1459,-1392
-1523,-1506
-1425,-1441
-1423,-1446
-1917,-1922
-1565,-1548
-1911,-1899
-1908,-1918
-1244,-1227
-1415,-1407
-1293,-1322
-1524,-1532
-1555,-1560
-1477,-1477
-1421,-1435
-1770,-1775
-1785,-1761
-1169,-1129
-1338,-1318
-1907,-1912
-1517,-1552
-1761,-1748
-1767,-1757
-1435,-1405
-1846,-1853
-1444,-1466
-1322,-1316
-1428,-1425
-1248,-1261
-1082,-1102
-1512,-1521
-1933,-2047
-1783,-1789
-1628,-1585
-1521,-1520
-1510,-1522
-1602,-1585
-1990,-2008
-1453,-1442
-1720,-1721
-1314,-1296
-1771,-1775
-1720,-1722
-1103,-1104
-1524,-1521
-1668,-1636
-1721,-1717
-1317,-1319
-1916,-1919
-1479,-1513
-1002,-1062
-1393,-1398
-1780,-1779
-1705,-1721
-1358,-1356
-1464,-1462
-1797,-1770
-1570,-1618
-1379,-1389
-1748,-1772
-1793,-1779
-1995,-2028
-1612,-1629
-1288,-1324
-1801,-1857
-1410,-1412
-1640,-1636
-1545,-1523
-1601,-1589
-1565,-1593
-1671,-1656
-1177,-1172
-1775,-1764
-1865,-1858
-1373,-1391
-1245,-1248
-2069,-2042
-1761,-1767
-1641,-1605
-1487,-1499
-1700,-1721
-1183,-1221
-1724,-1716
-1226,-1264
-1585,-1567
-1710,-1725
-1385,-1383
-2046,-1980
-1010,-996
-1363,-1374
-1640,-1675
-1282,-1290
-1719,-1717
-1658,-1656
-1637,-1662
-1720,-1715
-1381,-1358
-1477,-1470
-1303,-1275
-1357,-1376
-1609,-1594
-1558,-1587
-1458,-1469
-1580,-1559
-1366,-1376
-1767,-1782
-1637,-1641
-1588,-1595
-1549,-1535
-1646,-1658
-2046,-1979
-1789,-1821
-1550,-1531
-1581,-1565
-1715,-1716
-1648,-1661
-1641,-1653
-1576,-1607
-1809,-1826
-1341,-1347
-1148,-1155
-1515,-1556
-1477,-1511
-1622,-1621
-1610,-1588
-1778,-1787
-1533,-1569
-1331,-1318
-1108,-1121
-1705,-1709
-1424,-1429
-1568,-1572
-1552,-1535
-1803,-1841
-1490,-1507
-1283,-1298
-1450,-1414
-1514,-1510
-1084,-1066
-1915,-1858
-1532,-1550
-1373,-1345
-1770,-1781
-1425,-1385
-1342,-1344
-1576,-1558
-1350,-1337
-1345,-1359
-1572,-1580
-992,-1033
-1335,-1304
-1177,-1191
-1917,-1904
-1897,-1913
-1724,-1723
-1527,-1502
-1622,-1628
-1639,-1663
-1385,-1375
-1787,-1843
-1721,-1738
-1753,-1779
-1446,-1463
-1174,-1200
-1515,-1533
-1729,-1698
-1470,-1466
-1227,-1228
-1065,-1108
-1531,-1541
-1781,-1770
-1665,-1647
-1229,-1234
-1517,-1538
-1663,-1656
-1535,-1586
-1593,-1639
-1799,-1790
-2056,-2031
-2050,-2031
-1774,-1780
-1520,-1525
-1702,-1698
-1676,-1688
-1151,-1146
-1926,-1902
-1383,-1374
-1444,-1474
-1018,-1038
-1516,-1540
-1418,-1446
-1347,-1360
-1459,-1475
-1175,-1172
-1847,-1834
-1305,-1274
-1269,-1308
-1685,-1648
-1720,-1701
-1416,-1403
-1231,-1221
-1353,-1341
-1726,-1731
-1799,-1807
-1644,-1663
-1092,-1089
-1563,-1543
-1572,-1566
-1320,-1309
-1781,-1784
-1348,-1340
-1446,-1415
-1550,-1539
-1756,-1782
-1863,-1843
-1544,-1524
-1746,-1731
-1150,-1148
-1519,-1518
-1792,-1774
-1542,-1534
-1448,-1458
-1477,-1481
-1292,-1292
-1924,-1858
-1707,-1713
-1649,-1635
-1480,-1518
-1636,-1647
-1605,-1592
-1632,-1653
-1264,-1281
-1727,-1696
-1351,-1337
-1726,-1714
-1369,-1349
-1602,-1569
-1647,-1635
-1776,-1787
-1716,-1703
-1327,-1346
-1484,-1510
-1455,-1471
-1921,-1914
-1795,-1780
-1805,-1846
-1615,-1608
-1366,-1398
-1650,-1591
-1366,-1407
-1257,-1275
-1717,-1723
-1029,-1033
-1352,-1346
-1419,-1412
-1788,-1781
-796,-846
-1577,-1597
-1437,-1444
-1340,-1349
-1418,-1419
-1536,-1561
-1685,-1667
-1466,-1470
-1125,-1132
-2066,-2031
-1679,-1663
-1352,-1330
-1471,-1490
-1088,-1085
-1562,-1595
-1300,-1277
-1225,-1228
-1585,-1594
-1910,-1909
-1200,-1234
-1208,-1203
-1796,-1759
-1762,-1780
-1719,-1712
-1657,-1595
-1418,-1405
-1707,-1725
-2062,-2009
-1564,-1609
-1583,-1584
-1913,-1902
-1630,-1654
-1221,-1236
-1915,-1914
-1583,-1610
-1555,-1505
-1715,-1713
-1533,-1531
-1462,-1471
-1686,-1646
-1444,-1437
-1660,-1684
-1406,-1380
-1450,-1474
-1852,-1855
-1683,-1654
-1426,-1435
-1702,-1707
-1797,-1858
-1759,-1707
-1494,-1469
-1738,-1724
-1897,-1893
-1356,-1348
-1697,-1718
-1350,-1328
-1745,-1746
-1696,-1743
-1598,-1596
-1848,-1854
-1325,-1369
-1570,-1533
-1614,-1617
-1213,-1184
-1278,-1319
-1327,-1324
-1637,-1670
-1926,-1904
-1762,-1782
-1242,-1243
-1792,-1773
-1613,-1536
-1518,-1522
-1492,-1502
-1545,-1539
-1756,-1764
-1302,-1326
-1661,-1682
-1482,-1501
-1232,-1225
-1667,-1669
-1362,-1395
-1463,-1461
-1986,-1997
-1670,-1635
-1842,-1850
-1458,-1435
-1720,-1685
-1774,-1790
-1267,-1274
-1799,-1771
-1604,-1582
-1563,-1563
-1562,-1589
-1487,-1505
-1457,-1467
-1565,-1578
-1581,-1572
-1390,-1392
-1782,-1776
-1435,-1427
-1791,-1730
-1513,-1518
-1453,-1464
-1553,-1511
-1661,-1655
-1598,-1592
-1651,-1654
-1483,-1482
-1277,-1280
-1480,-1420
-1644,-1617
-1396,-1404
-1539,-1544
-1511,-1536
-1728,-1739
-1537,-1512
-1000,-1008
-1371,-1397
-1565,-1564
-1104,-1176
-1776,-1763
-1411,-1408
-1017,-1009
-1646,-1637
-1720,-1693
-1245,-1259
-1590,-1561
-1370,-1360
-1163,-1122
-1628,-1609
-1348,-1399
-1359,-1349
-1062,-1063
-1914,-1907
-1534,-1584
-1421,-1445
-1176,-1151
-1504,-1513
-1137,-1148
-1086,-1112
-1928,-1985
-1775,-1731
-1936,-1951
-1464,-1494
-1287,-1309
-1156,-1162
-1245,-1244
-1361,-1370
-1355,-1360
-1531,-1514
-1809,-1841
-1801,-1789
-1491,-1509
-1670,-1626
-1554,-1552
-1230,-1239
-1457,-1461
-1703,-1708
-1444,-1450
-1447,-1465
-1656,-1659
-1585,-1570
-1278,-1274
-1467,-1489
-1545,-1546
-1563,-1555
-1214,-1210
-1393,-1379
-1316,-1315
-1455,-1424
-1916,-1924
-1910,-1925
-1615,-1632
-2065,-2023
-1587,-1572
-1356,-1345
-1025,-999
-1725,-1703
-1249,-1262
-1254,-1228
-1609,-1607
-1017,-992
-1350,-1374
-1804,-1789
-1365,-1352
-1398,-1432
-1364,-1349
-1260,-1269
-1766,-1771
-1441,-1433
-1296,-1361
-1564,-1575
-1803,-1772
-1444,-1448
-2191,-2193
-1353,-1340
-1360,-1341
-1673,-1667
-1852,-1845
-1445,-1429
-1317,-1295
-1455,-1480
-1260,-1250
-1724,-1784
-1527,-1497
-1695,-1723
-1672,-1678
-1568,-1539
-1582,-1581
-1370,-1367
-1697,-1731
-1521,-1536
-1918,-1935
-1450,-1428
-1430,-1377
-1526,-1502
-1304,-1283
-1623,-1609
-1610,-1608
-1295,-1296
-1602,-1583
-1483,-1482
-1187,-1197
-1769,-1793
-1475,-1440
-1376,-1345
-1458,-1462
-1475,-1481
-1324,-1323
-1915,-1904
-1929,-1942
-1344,-1369
-1920,-1865
-1648,-1655
-1234,-1238
-1248,-1278
-1459,-1480
-1430,-1406
-1438,-1415
-1653,-1635
-1594,-1575
-1564,-1600
-1567,-1599
-1419,-1404
-1909,-1925
-1465,-1490
-1541,-1558
-1528,-1536
-1596,-1589
-1346,-1354
-893,-966
-1363,-1342
-1587,-1590
-1467,-1516
-1659,-1636
-1444,-1469
-1717,-1689
-1522,-1606
-1710,-1737
-1653,-1656
-1497,-1541
-1503,-1468
-1319,-1305
-1769,-1778
-1916,-1917
-1423,-1518
-1387,-1381
-1441,-1466
-1450,-1447
-1115,-1122
-1763,-1778
-1343,-1390
-1514,-1527
-1324,-1396
-1583,-1574
-1395,-1400
-1213,-1201
-1783,-1811
-1912,-1934
-1346,-1368
-1933,-1914
-1246,-1225
-1648,-1618
-1696,-1747
-1655,-1627
-1362,-1355
-1781,-1771
-1786,-1775
-1430,-1442
-1214,-1190
-1323,-1302
-1794,-1747
-1568,-1553
-1523,-1540
-1539,-1524
-1438,-1455
-903,-823
-1298,-1307
-1295,-1293
-1349,-1345
-1343,-1354
-1621,-1635
-1555,-1583
-1913,-1908
-1570,-1573
-1586,-1570
-1707,-1703
-1428,-1479
-1375,-1360
-1721,-1713
-1665,-1661
-1237,-1219
-1308,-1318
-1521,-1525
-1693,-1710
-1694,-1730
-1495,-1543
-1531,-1568
-1430,-1484
-1340,-1357
-1218,-1228
-1467,-1499
-1651,-1636
-1273,-1238
-1920,-1859
-1736,-1777
-1396,-1437
-1726,-1718
-1653,-1683
-1559,-1586
-1453,-1481
-1558,-1565
-1554,-1516
-1448,-1444
-1540,-1542
-1362,-1357
-1242,-1252
-1541,-1537
-1763,-1771
-1518,-1523
-1275,-1270
-1503,-1514
-1786,-1821
-1611,-1552
-1640,-1611
-1599,-1611
-1714,-1725
-1451,-1457
-1778,-1797
-1725,-1714
-1842,-1843
-1208,-1196
-1635,-1611
-1489,-1476
-1786,-1779
-1453,-1443
-1234,-1227
-1721,-1703
-1477,-1494
-1718,-1714
-1786,-1739
-1781,-1835
-1586,-1585
-1760,-1782
-1622,-1636
-1282,-1290
-1158,-1178
-1619,-1622
-1908,-1901
-1785,-1754
-2057,-2042
-1645,-1617
-1418,-1427
-1446,-1429
-1578,-1593
-1727,-1691
-1522,-1516
-1240,-1235
-1434,-1430
-1777,-1773
-1781,-1766
-1666,-1643
-1766,-1771
-1122,-1127
-1588,-1630
-1788,-1776
-1389,-1359
-1518,-1528
-1297,-1320
-1856,-1868
-1896,-1904
-1515,-1541
-1517,-1515
-1278,-1315
-1686,-1663
-1429,-1423
-1340,-1315
-1249,-1191
-1511,-1491
-1633,-1670
-1370,-1362
-1901,-1917
-1362,-1381
-1612,-1612
-1531,-1520
-1522,-1516
-1638,-1629
-1051,-1040
-1458,-1459
-1302,-1298
-1705,-1689
-1772,-1866
-1774,-1784
-1780,-1779
-1660,-1652
-1771,-1834
-1645,-1642
-1517,-1514
-1469,-1460
-1515,-1505
-1282,-1266
-1533,-1521
-1346,-1381
-1610,-1627
-1174,-1191
-860,-821
-1400,-1429
-1368,-1357
-1717,-1715
-1359,-1347
-1749,-1778
-1433,-1424
-1540,-1518
-1927,-1938
-1513,-1478
-1526,-1529
-1467,-1491
-1239,-1243
-1492,-1497
-1512,-1517
-1762,-1770
-1582,-1610
-1623,-1621
-1512,-1535
-1239,-1232
-1546,-1573
-1348,-1296
-1099,-1134
-1494,-1504
-1591,-1591
-1597,-1583
-1638,-1668
-1646,-1646
-1659,-1685
-1993,-1931
-1450,-1473
-1666,-1662
-1563,-1564
-1410,-1409
-1909,-1907
-1312,-1314
-1314,-1350
-1593,-1591
-1582,-1591
-1763,-1756
-1062,-1109
-1707,-1758
-1253,-1254
-1716,-1694
-1911,-1908
-1357,-1349
-1311,-1309
-1667,-1660
-1526,-1521
-1416,-1434
-1648,-1655
-1281,-1268
-1210,-1173
-1868,-1867
-1399,-1413
-1520,-1562
-1608,-1614
-1726,-1725
-1623,-1640
-1607,-1568
-1365,-1354
-1715,-1732
-1798,-1840
-1565,-1554
-1406,-1403
-1428,-1450
-1451,-1441
-1585,-1577
-1173,-1190
-1349,-1362
-1368,-1378
-1706,-1767
-1634,-1629
-1478,-1539
-1842,-1866
-1839,-1885
-785,-895
-1412,-1431
-1522,-1514
-1530,-1539
-1302,-1298
-1719,-1714
-1475,-1452
-1662,-1672
-1324,-1325
-1398,-1366
-1416,-1415
-1256,-1256
-1763,-1795
-1599,-1574
-1643,-1604
-1458,-1475
-1153,-1106
-1754,-1738
-1492,-1510
-1648,-1658
-1784,-1765
-1797,-1783
-1760,-1735
-1284,-1293
-1515,-1508
-1571,-1558
-1534,-1505
-1505,-1517
-1320,-1349
-1344,-1336
-1776,-1732
-1787,-1797
-1177,-1176
-1991,-2036
-1318,-1311
-1565,-1579
-1576,-1584
-1280,-1281
-1352,-1338
-955,-978
-1252,-1245
-1678,-1651
-1756,-1745
-1684,-1614
-1468,-1448
-1712,-1695
-1212,-1224
-1364,-1395
-1550,-1556
-1471,-1461
-1612,-1613
-1582,-1567
-1606,-1582
-1685,-1661
-1536,-1539
-1215,-1225
-1589,-1570
-1718,-1715
-1776,-1804
-1211,-1226
-1574,-1578
-1564,-1585
-1706,-1744
-1550,-1571
-1524,-1499
-1544,-1517
-1261,-1280
-1074,-1086
-1166,-1163
-1535,-1550
-1717,-1718
-1659,-1643
-1729,-1743
-1587,-1566
-1262,-1244
-860,-836
-1571,-1580
-1546,-1560
-1254,-1247
-1564,-1589
-1272,-1246
-1465,-1440
-1430,-1420
-1485,-1503
-1535,-1575
-1633,-1592
-1476,-1484
-1808,-1790
-1453,-1483
-1522,-1507
-1575,-1595
-725,-874
-1291,-1313
-1522,-1513
-1420,-1411
-1368,-1405
-1596,-1571
-1196,-1194
-1715,-1729
-1516,-1540
-1645,-1649
-1167,-1140
-1796,-1782
-1475,-1447
-1573,-1520
-1705,-1733
-1515,-1529
-2047,-2001
-1544,-1543
-973,-954
-1362,-1293
-1589,-1593
-2050,-2042
-1785,-1776
-2050,-2028
-1549,-1548
-1643,-1645
-1656,-1653
-1410,-1397
-1613,-1637
-1447,-1446
-1618,-1620
-1916,-1917
-1411,-1391
-1850,-1831
-1841,-1860
-1586,-1588
-1151,-1146
-1328,-1324
-1394,-1417
-1305,-1309
-1646,-1633
-1490,-1483
-1152,-1133
-1506,-1519
-1293,-1354
-1282,-1335
-1464,-1467
-1392,-1433
-1915,-1917
-1722,-1719
-1480,-1444
-1528,-1549
-1666,-1716
-1422,-1413
-1671,-1665
-1430,-1428
-1651,-1633
-1364,-1388
-1591,-1582
-1276,-1268
-1503,-1487
-1384,-1394
-1697,-1682
-1655,-1678
-1695,-1723
-1328,-1322
-1250,-1258
-1718,-1713
-1269,-1298
-1714,-1743
-1384,-1394
-1327,-1327
-1642,-1678
-1163,-1195
-1750,-1732
-1392,-1382
-1089,-1060
-1553,-1517
-1914,-1962
-1224,-1216
-1324,-1340
-1732,-1735
-1700,-1712
-1613,-1612
-2063,-2031
-1628,-1600
-1726,-1739
-1576,-1565
-1145,-1134
-1429,-1364
-1847,-1847
-1578,-1564
-1416,-1449
-1284,-1288
-1486,-1484
-1440,-1429
-1622,-1621
-1851,-1854
-1615,-1544
-2046,-2031
-1378,-1370
-1785,-1783
-1400,-1424
-1762,-1770
-1724,-1732
-1421,-1414
-1456,-1486
-1554,-1526
-1304,-1285
-1418,-1425
-1614,-1568
-1110,-1154
-1766,-1779
-1466,-1470
-971,-1004
-1602,-1607
-1907,-1917
-1606,-1619
-1710,-1672
-1724,-1717
-1478,-1485
-1706,-1698
-1649,-1659
-1314,-1318
-1318,-1250
-1719,-1718
-1595,-1600
-1580,-1580
-1607,-1594
-1317,-1342
-1917,-1931
-1714,-1720
-1799,-1776
-1522,-1515
-1744,-1767
-1666,-1673
-1619,-1641
-1237,-1232
-1415,-1423
-1595,-1573
-1846,-1845
-2050,-2036
-1844,-1861
-1312,-1298
-1773,-1777
-1715,-1733
-1706,-1716
-1608,-1583
-1727,-1712
-1279,-1248
-1908,-1917
-1407,-1345
-1891,-1896
-1422,-1447
-1260,-1336
-1248,-1263
-1853,-1876
-1565,-1575
-1646,-1638
-1911,-1925
-1287,-1323
-1161,-1157
-1640,-1662
-1127,-1176
-1580,-1531
-1646,-1652
-1719,-1716
-1626,-1668
-1289,-1242
-1159,-1160
-1767,-1776
-1811,-1833
-1310,-1329
-1646,-1635
-1561,-1567
-1575,-1588
-1280,-1277
-1491,-1520
-1735,-1722
-1485,-1428
-1301,-1273
-1767,-1771
-1495,-1491
-1390,-1381
-2058,-2031
-1504,-1516
-1778,-1782
-1425,-1435
-1793,-1764
-1130,-1120
-1625,-1625
-1672,-1670
-1471,-1457
-1739,-1717
-1905,-1896
-1642,-1635
-1898,-1900
-1708,-1708
-1919,-1931
-1355,-1349
-1469,-1494
-1676,-1664
-1563,-1561
-1580,-1563
-1781,-1772
-1231,-1255
-1446,-1473
-1416,-1437
-1143,-1149
-1841,-1838
-1456,-1441
-1714,-1715
-1574,-1605
-1425,-1484
-1706,-1707
-1438,-1477
-1723,-1711
-1161,-1198
-1692,-1702
-1497,-1517
-1423,-1441
-1178,-1183
-1517,-1514
-1584,-1631
-1527,-1514
-1551,-1552
-1525,-1494
-1467,-1463
-1242,-1266
-1146,-1151
-1644,-1651
-1455,-1446
-1512,-1496
-1401,-1426
-1754,-1786
-1447,-1435
-1497,-1499
-1725,-1740
-1018,-1034
-1790,-1792
-1053,-1058
-1465,-1444
-1703,-1723
-1557,-1617
-1839,-1843
-1506,-1489
-1255,-1238
-1909,-1908
-1381,-1363
-1902,-1855
-1457,-1453
-1229,-1223
-1661,-1663
-1257,-1270
-1282,-1257
-1723,-1713
-1718,-1699
-1782,-1780
-1555,-1513
-1767,-1823
-1452,-1460
-1543,-1564
-1621,-1627
-1645,-1617
-1286,-1256
-1475,-1532
-1440,-1461
-1682,-1670
-1562,-1577
-1622,-1673
-1444,-1472
-1067,-1064
-1607,-1638
-1530,-1524
-1894,-1904
-1589,-1594
-1350,-1357
-1278,-1272
-1179,-1197
-1588,-1602
-1536,-1525
-1698,-1720
-1847,-1862
-1755,-1745
-1658,-1664
-1349,-1345
-1490,-1512
-1360,-1425
-1328,-1328
-1324,-1334
-1919,-1857
-1614,-1624
-1588,-1605
-1839,-1874
-1405,-1398
-1584,-1589
-1751,-1761
-1644,-1639
-1488,-1512
-1717,-1719
-1389,-1397
-1361,-1366
-1437,-1422
-1712,-1698
-1914,-1881
-1249,-1240
-1204,-1234
-1236,-1231
-1608,-1637
-1617,-1640
-1451,-1410
-1771,-1852
-1327,-1325
-1492,-1574
-1711,-1743
-1453,-1446
-1358,-1385
-1994,-2031
-1847,-1864
-1504,-1509
-1503,-1534
-1621,-1593
-1542,-1564
-1649,-1634
-1321,-1342
-1545,-1533
-1570,-1598
-1228,-1231
-1719,-1714
-1460,-1452
-1545,-1534
-1605,-1601
-1501,-1450
-1524,-1515
-1446,-1458
-1456,-1463
-1525,-1505
-1486,-1499
-1569,-1571
-1780,-1787
-1547,-1531
-1499,-1494
-1456,-1462
-1531,-1520
-1378,-1377
-1358,-1347
-1188,-1132
-1499,-1513
-1655,-1627
-1612,-1587
-2055,-2031
-1628,-1669
-1566,-1560
-1853,-1865
-1451,-1407
-1513,-1531
-1161,-1189
-1781,-1794
-1782,-1783
-1437,-1440
-1638,-1612
-1464,-1454
-1779,-1856
-1860,-1909
-1244,-1330
-1786,-1847
-1589,-1581
-1915,-1918
-1378,-1392
-1714,-1707
-1723,-1712
-1712,-1738
-1637,-1643
-1838,-1855
-1781,-1770
-1914,-1931
-1908,-1917
-1595,-1572
-1917,-1906
-1399,-1378
-1431,-1424
-1699,-1713
-1805,-1782
-1566,-1538
-1242,-1266
-1600,-1608
-1710,-1701
-1717,-1727
-1271,-1275
-1532,-1516
-1867,-1866
-1853,-1906
-1846,-1840
-1356,-1366
-1761,-1761
-1496,-1472
-1386,-1389
-1472,-1485
-1407,-1394
-1732,-1721
-1862,-1865
-1493,-1423
-1505,-1513
-1405,-1390
-1463,-1453
-1584,-1575
-1189,-1191
-1711,-1723
-2062,-2031
-1217,-1250
-1315,-1316
-1033,-1033
-1495,-1492
-1506,-1493
-1411,-1415
-1546,-1540
-1714,-1725
-1448,-1458
-1547,-1546
-1462,-1452
-1402,-1402
-1620,-1594
-1698,-1709
-1505,-1512
-1729,-1727
-1679,-1651
-1380,-1412
-1656,-1668
-1908,-1898
-1637,-1655
-1333,-1349
-1420,-1426
-1489,-1455
-1759,-1783
-1583,-1566
-1276,-1300
-1337,-1343
-1052,-1057
-1837,-1856
-1234,-1256
-1912,-1914
-1533,-1536
-1486,-1490
-1356,-1379
-1728,-1702
-1767,-1780
-1662,-1648
-1363,-1336
-1635,-1621
-1313,-1312
-1621,-1626
-1755,-1750
-1247,-1275
-1328,-1307
-1857,-1868
-1425,-1414
-1373,-1367
-1580,-1575
-1371,-1361
-1289,-1302
-1287,-1277
-1362,-1360
-1395,-1387
-1603,-1664
-1548,-1557
-1336,-1324
-1247,-1285
-1760,-1792
-1350,-1366
-1524,-1491
-1489,-1443
-1442,-1456
-945,-931
-1908,-1900
-1659,-1669
-1450,-1526
-1642,-1663
-1624,-1578
-1634,-1606
-1575,-1583
-1339,-1334
-1757,-1763
-1552,-1546
-1472,-1469
-1751,-1737
-1648,-1635
-1992,-1989
-1341,-1317
-1628,-1592
-1564,-1569
-1500,-1511
-1851,-1865
-1545,-1573
-1672,-1654
-1408,-1401
-1522,-1504
-1277,-1318
-1323,-1337
-1511,-1559
-1392,-1395
-1932,-1981
-1539,-1573
-1300,-1318
-1357,-1397
-1350,-1345
-1866,-1822
-1563,-1511
-1606,-1584
-1553,-1556
-1914,-1914
-1787,-1802
-1382,-1354
-1394,-1399
-1331,-1323
-2063,-2042
-1726,-1714
-1387,-1418
-1922,-2003
-1919,-1869
-1509,-1521
-1779,-1784
-1920,-1931
-1249,-1261
-1839,-1851
-2048,-2027
-1715,-1739
-1760,-1732
-1938,-1910
-1384,-1404
-1373,-1379
-1917,-1918
-1695,-1688
-1413,-1398
-1769,-1762
-1871,-1869
-1572,-1578
-1244,-1231
-1924,-1940
-1785,-1730
-1909,-1917
-1605,-1574
-1748,-1714
-861,-882
-1704,-1735
-1656,-1672
-1274,-1279
-1417,-1430
-1624,-1618
-1510,-1508
-1267,-1285
-1481,-1509
-1786,-1747
-1455,-1472
-1414,-1418
-1429,-1463
-1647,-1620
-1781,-1787
-1424,-1429
-1615,-1610
-1647,-1641
-1129,-1103
-871,-861
-1310,-1304
-1363,-1369
-1621,-1704
-1339,-1360
-1368,-1332
-1441,-1453
-1604,-1631
-1706,-1726
-1215,-1218
-1615,-1611
-1696,-1701
-1670,-1671
-1168,-1175
-1405,-1406
-1629,-1641
-1683,-1667
-1354,-1362
-2045,-2028
-1500,-1486
-1241,-1235
-1581,-1584
-1449,-1452
-1029,-993
-1319,-1358
-1506,-1488
-1509,-1528
-1471,-1495
-1152,-1155
-1614,-1636
-1315,-1282
-1606,-1597
-1567,-1570
-1733,-1746
-1540,-1558
-1726,-1726
-1780,-1859
-1609,-1615
-1602,-1612
-1917,-1909
-1610,-1593
-1643,-1680
-1838,-1847
-1557,-1492
-1537,-1523
-1553,-1536
-1991,-2046
-2046,-2028
-1329,-1365
-1912,-1917
-1510,-1527
-1409,-1431
-1500,-1514
-1411,-1409
-1191,-1177
-1574,-1612
-1269,-1278
-1745,-1732
-1396,-1388
-1111,-1135
-1699,-1710
-1515,-1513
-1401,-1416
-1723,-1706
-1341,-1360
-1837,-1825
-1389,-1381
-1687,-1717
-1610,-1608
-1108,-1096
-1162,-1152
-1321,-1308
-1913,-1914
-1350,-1333
-1569,-1560
-1334,-1303
-1307,-1311
-1430,-1466
-1544,-1547
-1725,-1709
-1783,-1783
-1442,-1451
-1524,-1523
-1498,-1512
-1778,-1806
-1661,-1661
-1443,-1467
-1314,-1308
-1508,-1507
-1256,-1266
-1432,-1467
-1485,-1472
-1570,-1569
-1473,-1505
-1909,-1917
-1451,-1464
-1551,-1532
-1335,-1321
-1248,-1260
-1625,-1668
-2045,-2044
-1573,-1547
-1376,-1375
-1719,-1713
-1449,-1445
-1365,-1330
-1703,-1706
-1577,-1563
-1502,-1505
-1743,-1767
-1565,-1534
-1446,-1468
-1494,-1515
-1527,-1519
-1685,-1660
-1577,-1594
-1580,-1635
-1452,-1460
-1520,-1518
-1311,-1316
-1786,-1803
-1456,-1473
-2047,-1985
-1581,-1571
-1610,-1648
-1712,-1703
-1906,-1918
-1717,-1700
-1692,-1659
-1308,-1295
-1327,-1309
-1362,-1381
-1714,-1723
-1278,-1273
-1437,-1449
-1864,-1856
-1669,-1669
-1914,-1931
-1619,-1652
-1570,-1566
-1919,-1913
-1641,-1644
-1576,-1589
-1023,-1006
-1255,-1278
-1853,-1859
-1604,-1598
-1254,-1284
-1540,-1490
-1384,-1379
-1394,-1406
-1581,-1550
-1484,-1471
-1798,-1842
-1569,-1609
-1649,-1648
-1650,-1618
-1445,-1458
-1917,-1917
-1423,-1359
-1587,-1585
-1633,-1650
-1548,-1545
-1383,-1393
-1911,-1902
-963,-960
-2055,-2021
-1609,-1611
-1852,-1856
-1404,-1422
-1454,-1437
-1297,-1288
-1787,-1738
-1323,-1332
-1803,-1791
-1385,-1348
-1257,-1210
-1750,-1730
-1403,-1428
-1665,-1677
-1466,-1450
-1368,-1386
-1375,-1339
-1587,-1530
-1327,-1279
-1614,-1600
-1576,-1557
-1372,-1358
-1723,-1724
-1494,-1467
-1231,-1213
-1218,-1226
-1420,-1415
-1018,-1019
-1597,-1619
-1651,-1636
-1554,-1549
-1210,-1200
-1836,-1839
-1663,-1668
-1503,-1528
-1471,-1456
-1657,-1610
-1585,-1591
-1923,-1902
-1279,-1301
-1551,-1521
-1557,-1561
-1617,-1570
-1306,-1330
-1571,-1546
-1124,-1107
-1643,-1635
-1345,-1358
-1424,-1404
-1747,-1727
-1123,-1113
-1584,-1595
-1720,-1706
-1507,-1508
-1581,-1589
-1935,-1983
-1296,-1295
-1719,-1692
-1495,-1487
-1518,-1520
-1743,-1738
-1566,-1596
-1702,-1723
-1246,-1237
-1584,-1596
-1651,-1685
-1382,-1396
-1258,-1244
-1187,-1242
-1676,-1660
-1647,-1656
-1317,-1299
-1513,-1517
-1713,-1732
-1789,-1784
-1793,-1807
-1376,-1374
-1358,-1341
-1840,-1851
-1844,-1857
-1635,-1626
-1926,-1960
-1644,-1655
-1464,-1444
-1512,-1524
-1339,-1364
-1711,-1699
-1326,-1383
-1286,-1309
-1495,-1481
-1681,-1691
-1918,-1922
-1842,-1848
-1685,-1624
-1492,-1489
-1152,-1144
-1590,-1602
-1341,-1370
-1783,-1791
-1146,-1154
-1713,-1706
-1714,-1740
-1921,-1923
-1483,-1461
-1549,-1548
-1734,-1715
-1463,-1475
-1928,-1921
-1984,-2008
-1322,-1327
-1623,-1641
-1719,-1729
-1166,-1169
-1854,-1865
-1424,-1452
-1576,-1583
-1789,-1751
-1916,-1930
-1523,-1495
-1395,-1405
-861,-844
-1423,-1446
-1276,-1287
-1437,-1422
-1219,-1201
-1758,-1764
-1920,-1930
-1904,-1904
-1587,-1578
-1578,-1580
-1295,-1253
-1036,-1071
-1359,-1370
-1754,-1811
-1654,-1703
-1312,-1309
-1438,-1416
-1517,-1547
-1719,-1745
-1626,-1643
-1693,-1701
-1536,-1543
-1626,-1603
-1478,-1476
-1425,-1470
-1192,-1214
-1185,-1162
-1983,-1997
-1540,-1529
-1709,-1714
-1662,-1645
-1554,-1525
-1608,-1604
-1125,-1091
-1779,-1746
-1507,-1536
-1849,-1842
-1768,-1761
-1653,-1643
-1050,-1051
-1569,-1609
-1373,-1402
-1389,-1354
-1465,-1523
-1582,-1584
-1413,-1381
-1863,-1854
-1747,-1808
-1707,-1676
-1597,-1615
-1410,-1412
-1158,-1168
-1604,-1592
-1239,-1249
-1722,-1715
-1624,-1672
-1471,-1482
-1471,-1493
-1720,-1720
-1347,-1346
-1921,-1932
-1398,-1385
-1631,-1623
-1304,-1318
-1654,-1673
-1344,-1323
-1511,-1499
-2064,-2042
-1780,-1782
-1447,-1475
-1612,-1633
-1230,-1229
-1209,-1160
-1544,-1535
-1800,-1775
-1802,-1787
-1803,-1838
-1408,-1395
-1434,-1444
-1493,-1505
-1427,-1473
-768,-647
-1582,-1580
-1660,-1656
-1922,-1916
-1388,-1397
-1577,-1573
-1234,-1236
-1613,-1616
-1401,-1388
-1525,-1523
-1697,-1665
-1906,-1926
-1227,-1223
-1314,-1285
-1569,-1611
-1429,-1413
-1176,-1175
-1349,-1328
-1242,-1253
-1657,-1609
-1206,-1219
-1649,-1659
-1318,-1341
-1565,-1569
-1322,-1311
-1788,-1733
-2050,-1970
-1754,-1749
-1720,-1736
-1275,-1201
-1546,-1541
-1435,-1445
-1248,-1259
-1503,-1503
-1592,-1609
-1159,-1245
-1337,-1339
-1255,-1223
-1640,-1658
-2057,-2018
-1264,-1259
-1482,-1457
-1440,-1417
-1927,-1981
-1546,-1537
-1364,-1375
-1335,-1360
-1302,-1268
-1652,-1675
-1516,-1522
-1486,-1482
-1632,-1605
-1336,-1343
-1785,-1784
-1710,-1692
-1847,-1877
-1646,-1662
-1732,-1730
-1518,-1542
-1914,-1914
-1417,-1416
-1645,-1677
-1759,-1764
-1423,-1434
-1571,-1572
-1640,-1646
-1663,-1663
-564,-878
-1437,-1438
-1565,-1607
-1617,-1601
-1651,-1672
-1093,-1107
-1397,-1413
-1511,-1523
-1492,-1516
-1298,-1288
-1929,-1960
-1588,-1573
-1778,-1769
-1628,-1607
-1585,-1566
-1687,-1690
-404,-883
-1452,-1468
-1358,-1381
-1716,-1711
-1716,-1724
-1602,-1618
-1316,-1334
-1652,-1654
-1312,-1325
-1631,-1638
-1179,-1204
-1267,-1266
-1525,-1516
-1718,-1761
-1917,-1909
-1421,-1423
-1256,-1243
-1987,-1999
-1586,-1592
-1768,-1774
-1688,-1738
-1699,-1744
-1552,-1600
-1237,-1271
-1840,-1903
-1506,-1477
-1561,-1526
-1768,-1761
-1315,-1313
-1524,-1505
-1664,-1646
-1710,-1710
-1459,-1455
-1523,-1501
-1425,-1430
-1423,-1410
-1917,-1921
-1565,-1549
-1911,-1876
-1908,-1917
-1244,-1252
-1415,-1411
-1293,-1316
-1524,-1531
-1555,-1543
-1477,-1488
-1421,-1432
-1770,-1788
-1785,-1742
-1169,-1140
-1338,-1308
-1907,-1918
-1517,-1556
-1761,-1775
-1767,-1808
-1435,-1417
-1846,-1852
-1444,-1481
-1322,-1327
-1428,-1441
-1248,-1239
-1082,-1095
-1512,-1511
-1933,-1979
-1783,-1799
-1628,-1614
-1521,-1532
-1510,-1521
-1602,-1579
-1990,-1960
-1453,-1439
-1720,-1772
-1314,-1286
-1771,-1766
-1720,-1712
-1103,-1097
-1524,-1530
-1668,-1659
-1721,-1712
-1317,-1299
-1916,-1915
-1479,-1505
-1002,-1012
-1393,-1366
-1780,-1816
-1705,-1716
-1358,-1373
-1464,-1464
-1797,-1760
-1570,-1577
-1379,-1367
-1748,-1784
-1793,-1795
-1995,-1999
-1612,-1620
-1288,-1314
-1801,-1793
-1410,-1417
-1640,-1658
-1545,-1546
-1601,-1596
-1565,-1580
-1671,-1663
-1177,-1136
-1775,-1726
-1865,-1857
-1373,-1373
-1245,-1221
-2069,-2014
-1761,-1773
-1641,-1632
-1487,-1461
-1700,-1714
-1183,-1210
-1724,-1728
-1226,-1263
-1585,-1596
-1710,-1726
-1385,-1380
-2046,-2038
-1010,-987
-1363,-1337
-1640,-1701
-1282,-1293
-1719,-1718
-1658,-1671
-1637,-1651
-1720,-1720
-1381,-1387
-1477,-1468
-1303,-1274
-1357,-1384
-1609,-1572
-1558,-1550
-1458,-1467
-1580,-1573
-1366,-1375
-1767,-1784
-1637,-1663
-1588,-1595
-1549,-1564
-1646,-1653
-2046,-2049
-1789,-1797
-1550,-1556
-1581,-1572
-1715,-1717
-1648,-1648
-1641,-1644
-1576,-1612
-1809,-1789
-1341,-1354
-1148,-1171
-1515,-1532
-1477,-1551
-1622,-1643
-1610,-1563
-1778,-1844
-1533,-1520
-1331,-1329
-1108,-1103
-1705,-1733
-1424,-1413
-1568,-1560
-1552,-1536
-1803,-1778
-1490,-1490
-1283,-1299
-1450,-1459
-1514,-1500
-1084,-1072
-1915,-1904
-1532,-1537
-1373,-1350
-1770,-1783
-1425,-1425
-1342,-1339
-1576,-1563
-1350,-1328
-1345,-1345
-1572,-1558
-992,-1019
-1335,-1337
-1177,-1163
-1917,-1894
-1897,-1903
-1724,-1719
-1527,-1521
-1622,-1625
-1639,-1679
-1385,-1394
-1787,-1839
-1721,-1721
-1753,-1720
-1446,-1460
-1174,-1209
-1515,-1544
-1729,-1698
-1470,-1454
-1227,-1225
-1065,-1097
-1531,-1532
-1781,-1766
-1665,-1654
-1229,-1232
-1517,-1543
-1663,-1655
-1535,-1574
-1593,-1553
-1799,-1829
-2056,-2058
-2050,-2058
-1774,-1790
-1520,-1526
-1702,-1690
-1676,-1666
-1151,-1207
-1926,-1876
-1383,-1405
-1444,-1452
-1018,-1078
-1516,-1533
-1418,-1438
-1347,-1360
-1459,-1454
-1175,-1178
-1847,-1866
-1305,-1327
-1269,-1266
-1685,-1600
-1720,-1740
-1416,-1399
-1231,-1215
-1353,-1358
-1726,-1720
-1799,-1789
-1644,-1660
-1092,-1090
-1563,-1593
-1572,-1579
-1320,-1319
-1781,-1802
-1348,-1357
-1446,-1439
-1550,-1512
-1756,-1758
-1863,-1851
-1544,-1535
-1746,-1756
-1150,-1138
-1519,-1537
-1792,-1789
-1542,-1559
-1448,-1449
-1477,-1476
-1292,-1291
-1924,-1886
-1707,-1723
-1649,-1626
-1480,-1482
-1636,-1648
-1605,-1605
-1632,-1681
-1264,-1289
-1727,-1717
-1351,-1348
-1726,-1713
-1369,-1371
-1602,-1606
-1647,-1642
-1776,-1788
-1716,-1711
-1327,-1351
-1484,-1499
-1455,-1483
-1921,-1917
-1795,-1789
-1805,-1825
-1615,-1615
-1366,-1383
-1650,-1611
-1366,-1389
-1257,-1258
-1717,-1717
-1029,-1035
-1352,-1361
-1419,-1399
-1788,-1793
-796,-854
-1577,-1602
-1437,-1448
-1340,-1351
-1418,-1399
-1536,-1498
-1685,-1670
-1466,-1467
-1125,-1130
-2066,-1993
-1679,-1691
-1352,-1317
-1471,-1473
-1088,-1082
-1562,-1593
-1300,-1290
-1225,-1239
-1585,-1590
-1910,-1911
-1200,-1214
-1208,-1218
-1796,-1780
-1762,-1771
-1719,-1706
-1657,-1672
-1418,-1383
-1707,-1672
-2062,-2058
-1564,-1555
-1583,-1572
-1913,-1918
-1630,-1624
-1221,-1243
-1915,-1943
-1583,-1600
-1555,-1518
-1715,-1713
-1533,-1516
-1462,-1456
-1686,-1704
-1444,-1427
-1660,-1684
-1406,-1371
-1450,-1456
-1852,-1855
-1683,-1655
-1426,-1437
-1702,-1680
-1797,-1809
-1759,-1791
-1494,-1464
-1738,-1716
-1897,-1855
-1356,-1350
-1697,-1697
-1350,-1337
-1745,-1746
-1696,-1728
-1598,-1580
-1848,-1834
-1325,-1376
-1570,-1555
-1614,-1624
-1213,-1212
-1278,-1320
-1327,-1343
-1637,-1658
-1926,-1865
-1762,-1760
-1242,-1231
-1792,-1788
-1613,-1629
-1518,-1522
-1492,-1515
-1545,-1526
-1756,-1769
-1302,-1283
-1661,-1669
-1482,-1525
-1232,-1215
-1667,-1659
-1362,-1333
-1463,-1531
-1986,-2028
-1670,-1655
-1842,-1851
-1458,-1475
-1720,-1692
-1774,-1790
-1267,-1270
-1799,-1783
-1604,-1624
-1563,-1559
-1562,-1569
-1487,-1474
-1457,-1451
-1565,-1558
-1581,-1563
-1390,-1364
-1782,-1774
-1435,-1411
-1791,-1740
-1513,-1506
-1453,-1458
-1553,-1578
-1661,-1669
-1598,-1580
-1651,-1644
-1483,-1470
-1277,-1275
-1480,-1427
-1644,-1629
-1396,-1438
-1539,-1553
-1511,-1502
-1728,-1722
-1537,-1524
-1000,-999
-1371,-1384
-1565,-1598
-1104,-1126
-1776,-1771
-1411,-1400
-1017,-969
-1646,-1655
-1720,-1738
-1245,-1239
-1590,-1536
-1370,-1381
-1163,-1154
-1628,-1633
-1348,-1384
-1359,-1355
-1062,-1085
-1914,-1897
-1534,-1576
-1421,-1444
-1176,-1177
-1504,-1488
-1137,-1172
-1086,-1107
-1928,-1993
-1775,-1773
-1936,-1956
-1464,-1448
-1287,-1314
-1156,-1159
-1245,-1246
-1361,-1380
-1355,-1374
-1531,-1542
-1809,-1787
-1801,-1795
-1491,-1506
-1670,-1651
-1554,-1580
-1230,-1269
-1457,-1445
-1703,-1711
-1444,-1436
-1447,-1439
-1656,-1666
-1585,-1568
-1278,-1310
-1467,-1480
-1545,-1547
-1563,-1548
-1214,-1228
-1393,-1386
-1316,-1327
-1455,-1469
-1916,-1913
-1910,-1911
-1615,-1617
-2065,-2048
-1587,-1588
-1356,-1324
-1025,-988
-1725,-1725
-1249,-1253
-1254,-1231
-1609,-1585
-1017,-1046
-1350,-1361
-1804,-1800
-1365,-1371
-1398,-1414
-1364,-1373
-1260,-1270
-1766,-1767
-1441,-1435
-1296,-1333
-1564,-1601
-1803,-1795
-1444,-1473
-2191,-2180
-1353,-1354
-1360,-1346
-1673,-1650
-1852,-1850
-1445,-1444
-1317,-1301
-1455,-1454
-1260,-1266
-1724,-1761
-1527,-1519
-1695,-1687
-1672,-1671
-1568,-1582
-1582,-1576
-1370,-1373
-1697,-1718
-1521,-1542
-1918,-1917
-1450,-1448
-1430,-1393
-1526,-1525
-1304,-1294
-1623,-1619
-1610,-1604
-1295,-1276
-1602,-1579
-1483,-1503
-1187,-1226
-1769,-1787
-1475,-1450
-1376,-1305
-1458,-1386
-1475,-1502
-1324,-1337
-1915,-1911
-1929,-2057
-1344,-1345
-1920,-1911
-1648,-1633
-1234,-1250
-1248,-1255
-1459,-1484
-1430,-1396
-1438,-1419
-1653,-1634
-1594,-1591
-1564,-1577
-1567,-1574
-1419,-1398
-1909,-1913
-1465,-1460
-1541,-1534
-1528,-1522
-1596,-1579
-1346,-1349
-893,-934
-1363,-1358
-1587,-1590
-1467,-1517
-1659,-1666
-1444,-1425
-1717,-1725
-1522,-1552
-1710,-1715
-1653,-1652
-1497,-1526
-1503,-1494
-1319,-1326
-1769,-1775
-1916,-1916
-1423,-1444
-1387,-1362
-1441,-1462
-1450,-1435
-1115,-1091
-1763,-1763
-1343,-1362
-1514,-1513
-1324,-1318
-1583,-1595
-1395,-1396
-1213,-1215
-1783,-1843
-1912,-1915
-1346,-1366
-1933,-1918
-1246,-1212
-1648,-1637
-1696,-1714
-1655,-1636
-1362,-1359
-1781,-1767
-1786,-1785
-1430,-1454
-1214,-1163
-1323,-1317
-1794,-1779
-1568,-1591
-1523,-1498
-1539,-1529
-1438,-1457
-903,-954
-1298,-1299
-1295,-1290
-1349,-1358
-1343,-1311
-1621,-1605
-1555,-1564
-1913,-1913
-1570,-1579
-1586,-1593
-1707,-1709
-1428,-1452
-1375,-1345
-1721,-1709
-1665,-1659
-1237,-1225
-1308,-1291
-1521,-1524
-1693,-1688
-1694,-1746
-1495,-1505
-1531,-1587
-1430,-1447
-1340,-1362
-1218,-1229
-1467,-1494
-1651,-1637
-1273,-1248
-1920,-1917
-1736,-1765
-1396,-1416
-1726,-1739
-1653,-1666
-1559,-1554
-1453,-1448
-1558,-1570
-1554,-1524
-1448,-1460
-1540,-1566
-1362,-1357
-1242,-1250
-1541,-1519
-1763,-1772
-1518,-1519
-1275,-1275
-1503,-1514
-1786,-1846
-1611,-1559
-1640,-1620
-1599,-1609
-1714,-1729
-1451,-1475
-1778,-1779
-1725,-1715
-1842,-1804
-1208,-1137
-1635,-1647
-1489,-1461
-1786,-1776
-1453,-1456
-1234,-1214
-1721,-1730
-1477,-1472
-1718,-1732
-1786,-1733
-1781,-1787
-1586,-1589
-1760,-1784
-1622,-1631
-1282,-1288
-1158,-1167
-1619,-1624
-1908,-1844
-1785,-1766
-2057,-2058
-1645,-1633
-1418,-1440
-1446,-1426
-1578,-1575
-1727,-1709
-1522,-1517
-1240,-1252
-1434,-1491
-1777,-1761
-1781,-1786
-1666,-1647
-1766,-1763
-1122,-1132
-1588,-1683
-1788,-1786
-1389,-1378
-1518,-1531
-1297,-1343
-1856,-1867
-1896,-1911
-1515,-1538
-1517,-1515
-1278,-1281
-1686,-1658
-1429,-1421
-1340,-1330
-1249,-1247
-1511,-1479
-1633,-1659
-1370,-1386
-1901,-1917
-1362,-1380
-1612,-1634
-1531,-1519
-1522,-1544
-1638,-1647
-1051,-1046
-1458,-1475
-1302,-1293
-1705,-1704
-1772,-1804
-1774,-1757
-1780,-1778
-1660,-1632
-1771,-1758
-1645,-1650
-1517,-1500
-1469,-1429
-1515,-1498
-1282,-1269
-1533,-1520
-1346,-1365
-1610,-1616
-1174,-1232
-860,-905
-1400,-1447
-1368,-1343
-1717,-1713
-1359,-1349
-1749,-1751
-1433,-1451
-1540,-1519
-1927,-1992
-1513,-1520
-1526,-1525
-1467,-1498
-1239,-1244
-1492,-1506
-1512,-1539
-1762,-1772
-1582,-1604
-1623,-1618
-1512,-1520
-1239,-1268
-1546,-1576
-1348,-1308
-1099,-1117
-1494,-1478
-1591,-1614
-1597,-1586
-1638,-1658
-1646,-1651
-1659,-1676
-1993,-2006
-1450,-1437
-1666,-1650
-1563,-1623
-1410,-1392
-1909,-1896
-1312,-1328
-1314,-1345
-1593,-1587
-1582,-1592
-1763,-1765
-1062,-1102
-1707,-1708
-1253,-1257
-1716,-1757
-1911,-1911
-1357,-1344
-1311,-1301
-1667,-1660
-1526,-1541
-1416,-1417
-1648,-1650
-1281,-1256
-1210,-1205
-1868,-1856
-1399,-1401
-1520,-1541
-1608,-1610
-1726,-1742
-1623,-1642
-1607,-1588
-1365,-1357
-1715,-1721
-1798,-1788
-1565,-1600
-1406,-1377
-1428,-1411
-1451,-1467
-1585,-1598
-1173,-1219
-1349,-1359
-1368,-1383
-1706,-1732
-1634,-1642
-1478,-1514
-1842,-1814
-1839,-1820
-785,-885
-1412,-1421
-1522,-1526
-1530,-1526
-1302,-1315
-1719,-1729
-1475,-1471
-1662,-1659
-1324,-1359
-1398,-1369
-1416,-1409
-1256,-1281
-1763,-1783
-1599,-1580
-1643,-1628
-1458,-1448
-1153,-1116
-1754,-1734
-1492,-1476
-1648,-1649
-1784,-1780
-1797,-1791
-1760,-1708
-1284,-1259
-1515,-1505
-1571,-1570
-1534,-1500
-1505,-1522
-1320,-1332
-1344,-1313
-1776,-1746
-1787,-1785
-1177,-1145
-1991,-2038
-1318,-1294
-1565,-1576
-1576,-1590
-1280,-1274
-1352,-1329
-955,-954
-1252,-1258
-1678,-1660
-1756,-1752
-1684,-1609
-1468,-1430
-1712,-1678
-1212,-1207
-1364,-1392
-1550,-1593
-1471,-1462
-1612,-1600
-1582,-1591
-1606,-1572
-1685,-1652
-1536,-1538
-1215,-1196
-1589,-1583
-1718,-1720
-1776,-1786
-1211,-1224
-1574,-1557
-1564,-1569
-1706,-1729
-1550,-1576
-1524,-1518
-1544,-1524
-1261,-1265
-1074,-1065
-1166,-1174
-1535,-1552
-1717,-1784
-1659,-1598
-1729,-1710
-1587,-1536
-1262,-1263
-860,-888
-1571,-1580
-1546,-1541
-1254,-1258
-1564,-1570
-1272,-1263
-1465,-1457
-1430,-1425
-1485,-1454
-1535,-1530
-1633,-1612
-1476,-1473
-1808,-1799
-1453,-1476
-1522,-1503
-1575,-1583
-725,-837
-1291,-1282
-1522,-1492
-1420,-1454
-1368,-1375
-1596,-1566
-1196,-1193
-1715,-1717
-1516,-1503
-1645,-1648
-1167,-1144
-1796,-1785
-1475,-1443
-1573,-1544
-1705,-1725
-1515,-1533
-2047,-2021
-1544,-1542
-973,-967
-1362,-1315
-1589,-1600
-2050,-2058
-1785,-1785
-2050,-2027
-1549,-1536
-1643,-1655
-1656,-1659
-1410,-1384
-1613,-1621
-1447,-1467
-1618,-1618
-1916,-1911
-1411,-1397
-1850,-1853
-1841,-1850
-1586,-1607
-1151,-1129
-1328,-1311
-1394,-1408
-1305,-1300
-1646,-1626
-1490,-1492
-1152,-1118
-1506,-1498
-1293,-1332
-1282,-1326
-1464,-1471
-1392,-1416
-1915,-1918
-1722,-1713
-1480,-1447
-1528,-1542
-1666,-1681
-1422,-1398
-1671,-1638
-1430,-1434
-1651,-1652
-1364,-1375
-1591,-1597
-1276,-1249
-1503,-1490
-1384,-1366
-1697,-1715
-1655,-1659
-1695,-1703
-1328,-1331
-1250,-1201
-1718,-1720
-1269,-1297
-1714,-1733
-1384,-1387
-1327,-1332
-1642,-1638
-1163,-1204
-1750,-1739
-1392,-1407
-1089,-1110
-1553,-1527
-1914,-2030
-1224,-1205
-1324,-1300
-1732,-1718
-1700,-1684
-1613,-1615
-2063,-2065
-1628,-1589
-1726,-1715
-1576,-1566
-1145,-1177
-1429,-1391
-1847,-1863
-1578,-1579
-1416,-1437
-1284,-1266
-1486,-1472
-1440,-1429
-1622,-1630
-1851,-1850
-1615,-1576
-2046,-2037
-1378,-1368
-1785,-1768
-1400,-1395
-1762,-1766
-1724,-1708
-1421,-1434
-1456,-1478
-1554,-1529
-1304,-1321
-1418,-1431
-1614,-1599
-1110,-1146
-1766,-1809
-1466,-1514
-971,-986
-1602,-1594
-1907,-1913
-1606,-1644
-1710,-1713
-1724,-1703
-1478,-1516
-1706,-1708
-1649,-1655
-1314,-1312
-1318,-1297
-1719,-1726
-1595,-1607
-1580,-1603
-1607,-1568
-1317,-1304
-1917,-1918
-1714,-1695
-1799,-1758
-1522,-1513
-1744,-1767
-1666,-1689
-1619,-1623
-1237,-1230
-1415,-1424
-1595,-1587
-1846,-1853
-2050,-2019
-1844,-1814
-1312,-1317
-1773,-1771
-1715,-1707
-1706,-1711
-1608,-1586
-1727,-1710
-1279,-1235
-1908,-1913
-1407,-1391
-1891,-1883
-1422,-1432
-1260,-1252
-1248,-1215
-1853,-1878
-1565,-1594
-1646,-1652
-1911,-1913
-1287,-1309
-1161,-1143
-1640,-1647
-1127,-1187
-1580,-1559
-1646,-1662
-1719,-1720
-1626,-1673
-1289,-1268
-1159,-1157
-1767,-1828
-1811,-1799
-1310,-1333
-1646,-1625
-1561,-1556
-1575,-1584
-1280,-1281
-1491,-1516
-1735,-1720
-1485,-1419
-1301,-1285
-1767,-1788
-1495,-1474
-1390,-1367
-2058,-2058
-1504,-1514
-1778,-1887
-1425,-1455
-1793,-1785
-1130,-1130
-1625,-1671
-1672,-1655
-1471,-1438
-1739,-1730
-1905,-1850
-1642,-1634
-1898,-1906
-1708,-1716
-1919,-1911
-1355,-1335
-1469,-1479
-1676,-1670
-1563,-1543
-1580,-1554
-1781,-1779
-1231,-1244
-1446,-1479
-1416,-1457
-1143,-1185
-1841,-1848
-1456,-1454
-1714,-1718
-1574,-1609
-1425,-1487
-1706,-1709
-1438,-1462
-1723,-1673
-1161,-1150
-1692,-1693
-1497,-1508
-1423,-1453
-1178,-1176
-1517,-1519
-1584,-1579
-1527,-1507
-1551,-1551
-1525,-1513
-1467,-1444
-1242,-1288
-1146,-1148
-1644,-1660
-1455,-1398
-1512,-1496
-1401,-1382
-1754,-1741
-1447,-1443
-1497,-1506
-1725,-1714
-1018,-1030
-1790,-1789
-1053,-1083
-1465,-1461
-1703,-1721
-1557,-1578
-1839,-1874
-1506,-1500
-1255,-1253
-1909,-1874
-1381,-1350
-1902,-1837
-1457,-1448
-1229,-1222
-1661,-1682
-1257,-1284
-1282,-1252
-1723,-1731
-1718,-1729
-1782,-1782
-1555,-1557
-1767,-1777
-1452,-1461
-1543,-1568
-1621,-1609
-1645,-1596
-1286,-1246
-1475,-1482
-1440,-1472
-1682,-1691
-1562,-1551
-1622,-1649
-1444,-1458
-1067,-1063
-1607,-1648
-1530,-1519
-1894,-1907
-1589,-1581
-1350,-1347
-1278,-1286
-1179,-1185
-1588,-1581
-1536,-1538
-1698,-1711
-1847,-1850
-1755,-1744
-1658,-1644
-1349,-1340
-1490,-1525
-1360,-1410
-1328,-1328
-1324,-1309
-1919,-1881
-1614,-1646
-1588,-1549
-1839,-1821
-1405,-1378
-1584,-1577
-1751,-1818
-1644,-1652
-1488,-1503
-1717,-1715
-1389,-1390
-1361,-1367
-1437,-1457
-1712,-1717
-1914,-1920
-1249,-1230
-1204,-1232
-1236,-1211
-1608,-1597
-1617,-1598
-1451,-1444
-1771,-1821
-1327,-1348
-1492,-1545
-1711,-1716
-1453,-1464
-1358,-1389
-1994,-2033
-1847,-1853
-1504,-1520
-1503,-1499
-1621,-1608
-1542,-1552
-1649,-1644
-1321,-1327
-1545,-1532
-1570,-1566
-1228,-1225
-1719,-1722
-1460,-1475
-1545,-1529
-1605,-1577
-1501,-1467
-1524,-1523
-1446,-1454
-1456,-1456
-1525,-1504
-1486,-1496
-1569,-1562
-1780,-1785
-1547,-1560
-1499,-1526
-1456,-1457
-1531,-1515
-1378,-1342
-1358,-1344
-1188,-1184
-1499,-1505
-1655,-1640
-1612,-1595
-2055,-2058
-1628,-1663
-1566,-1568
-1853,-1870
-1451,-1453
-1513,-1513
-1161,-1192
-1781,-1805
-1782,-1764
-1437,-1464
-1638,-1619
-1464,-1490
-1779,-1796
-1860,-1876
-1244,-1336
-1786,-1801
-1589,-1567
-1915,-1911
-1378,-1374
-1714,-1707
-1723,-1690
-1712,-1681
-1637,-1641
-1838,-1871
-1781,-1769
-1914,-1928
-1908,-1918
-1595,-1576
-1917,-1911
-1399,-1360
-1431,-1459
-1699,-1702
-1805,-1785
-1566,-1556
-1242,-1252
-1600,-1572
-1710,-1701
-1717,-1714
-1271,-1267
-1532,-1531
-1867,-1859
-1853,-1859
-1846,-1850
-1356,-1356
-1761,-1789
-1496,-1454
-1386,-1391
-1472,-1448
-1407,-1439
-1732,-1714
-1862,-1868
-1493,-1418
-1505,-1489
-1405,-1349
-1463,-1432
-1584,-1606
-1189,-1188
-1711,-1709
-2062,-2058
-1217,-1245
-1315,-1324
-1033,-1041
-1495,-1496
-1506,-1522
-1411,-1414
-1546,-1578
-1714,-1728
-1448,-1446
-1547,-1613
-1462,-1460
-1402,-1393
-1620,-1618
-1698,-1700
-1505,-1510
-1729,-1697
-1679,-1679
-1380,-1410
-1656,-1645
-1908,-1856
-1637,-1632
-1333,-1326
-1420,-1407
-1489,-1471
-1759,-1779
-1583,-1560
-1276,-1310
-1337,-1351
-1052,-1047
-1837,-1861
-1234,-1251
-1912,-1928
-1533,-1526
-1486,-1463
-1356,-1365
-1728,-1721
-1767,-1749
-1662,-1656
-1363,-1385
-1635,-1632
-1313,-1327
-1621,-1621
-1755,-1741
-1247,-1238
-1328,-1327
-1857,-1865
-1425,-1403
-1373,-1376
-1580,-1568
-1371,-1398
-1289,-1306
-1287,-1285
-1362,-1373
-1395,-1422
-1603,-1643
-1548,-1545
-1336,-1326
-1247,-1273
-1760,-1769
-1350,-1337
-1524,-1509
-1489,-1427
-1442,-1475
-945,-996
-1908,-1904
-1659,-1636
-1450,-1436
-1642,-1631
-1624,-1594
-1634,-1649
-1575,-1595
-1339,-1350
-1757,-1759
-1552,-1589
-1472,-1537
-1751,-1714
-1648,-1654
-1992,-1992
-1341,-1349
-1628,-1634
-1564,-1568
-1500,-1527
-1851,-1911
-1545,-1565
-1672,-1677
-1408,-1396
-1522,-1517
-1277,-1275
-1323,-1315
-1511,-1502
-1392,-1352
-1932,-1992
-1539,-1565
-1300,-1289
-1357,-1359
-1350,-1348
-1866,-1835
-1563,-1501
-1606,-1608
-1553,-1556
-1914,-1911
-1787,-1795
-1382,-1375
-1394,-1390
-1331,-1318
-2063,-2058
-1726,-1710
-1387,-1396
-1922,-1984
-1919,-1837
-1509,-1528
-1779,-1793
-1920,-1911
-1249,-1236
-1839,-1864
-2048,-2039
-1715,-1720
-1760,-1730
-1938,-1917
-1384,-1392
-1373,-1367
-1917,-1911
-1695,-1720
-1413,-1404
-1769,-1720
-1871,-1907
-1572,-1579
-1244,-1243
-1924,-1970
-1785,-1748
-1909,-1913
-1605,-1511
-1748,-1727
-861,-850
-1704,-1712
-1656,-1631
-1274,-1279
-1417,-1435
-1624,-1581
-1510,-1523
-1267,-1276
-1481,-1500
-1786,-1746
-1455,-1412
-1414,-1419
-1429,-1428
-1647,-1621
-1781,-1819
-1424,-1406
-1615,-1613
-1647,-1655
-1129,-1117
-871,-912
-1310,-1301
-1363,-1367
-1621,-1619
-1339,-1353
-1368,-1350
-1441,-1449
-1604,-1630
-1706,-1713
-1215,-1245
-1615,-1667
-1696,-1698
-1670,-1681
-1168,-1191
-1405,-1442
-1629,-1659
-1683,-1722
-1354,-1344
-2045,-2035
-1500,-1480
-1241,-1242
-1581,-1593
-1449,-1460
-1029,-1110
-1319,-1339
-1506,-1494
-1509,-1521
-1471,-1470
-1152,-1153
-1614,-1585
-1315,-1241
-1606,-1587
-1567,-1571
-1733,-1768
-1540,-1572
-1726,-1743
-1780,-1803
-1609,-1620
-1602,-1594
-1917,-1918
-1610,-1608
-1643,-1683
-1838,-1854
-1557,-1543
-1537,-1523
-1553,-1519
-1991,-1996
-2046,-2001
-1329,-1359
-1912,-1913
-1510,-1517
-1409,-1435
-1500,-1507
-1411,-1423
-1191,-1212
-1574,-1594
-1269,-1289
-1745,-1753
-1396,-1379
-1111,-1129
-1699,-1704
-1515,-1519
-1401,-1419
-1723,-1702
-1341,-1350
-1837,-1872
-1389,-1388
-1687,-1707
-1610,-1616
-1108,-1080
-1162,-1148
-1321,-1340
-1913,-1913
-1350,-1328
-1569,-1566
-1334,-1341
-1307,-1295
-1430,-1449
-1544,-1551
-1725,-1726
-1783,-1759
-1442,-1444
-1524,-1532
-1498,-1509
-1778,-1778
-1661,-1664
-1443,-1431
-1314,-1322
-1508,-1515
-1256,-1215
-1432,-1443
-1485,-1441
-1570,-1570
-1473,-1505
-1909,-1911
-1451,-1490
-1551,-1513
-1335,-1320
-1248,-1270
-1625,-1665
-2045,-2048
-1573,-1612
-1376,-1375
-1719,-1711
-1449,-1437
-1365,-1314
-1703,-1708
-1577,-1583
-1502,-1592
-1743,-1774
-1565,-1585
-1446,-1444
-1494,-1519
-1527,-1517
-1685,-1659
-1577,-1568
-1580,-1628
-1452,-1438
-1520,-1506
-1311,-1343
-1786,-1786
-1456,-1447
-2047,-2028
-1581,-1565
-1610,-1614
-1712,-1738
-1906,-1927
-1717,-1735
-1692,-1687
-1308,-1308
-1327,-1309
-1362,-1355
-1714,-1716
-1278,-1239
-1437,-1417
-1864,-1852
-1669,-1666
-1914,-1911
-1619,-1638
-1570,-1569
-1919,-1913
-1641,-1623
-1576,-1582
-1023,-979
-1255,-1283
-1853,-1858
-1604,-1639
-1254,-1233
-1540,-1499
-1384,-1395
-1394,-1396
-1581,-1564
-1484,-1458
-1798,-1785
-1569,-1582
-1649,-1628
-1650,-1616
-1445,-1445
-1917,-1911
-1423,-1372
-1587,-1607
-1633,-1658
-1548,-1555
-1383,-1396
-1911,-1929
-963,-972
-2055,-2058
-1609,-1601
-1852,-1848
-1404,-1421
-1454,-1416
-1297,-1319
-1787,-1759
-1323,-1331
-1803,-1773
-1385,-1333
-1257,-1195
-1750,-1748
-1403,-1401
-1665,-1660
-1466,-1455
-1368,-1395
-1375,-1348
-1587,-1578
-1327,-1323
-1614,-1601
-1576,-1573
-1372,-1346
-1723,-1715
-1494,-1461
-1231,-1219
-1218,-1221
-1420,-1408
-1018,-1034
-1597,-1619
-1651,-1640
-1554,-1556
-1210,-1226
-1836,-1847
-1663,-1643
-1503,-1534
-1471,-1455
-1657,-1595
-1585,-1598
-1923,-1853
-1279,-1295
-1551,-1544
-1557,-1575
-1617,-1593
-1306,-1319
-1571,-1548
-1124,-1142
-1643,-1631
-1345,-1371
-1424,-1392
-1747,-1730
-1123,-1116
-1584,-1595
-1720,-1732
-1507,-1524
-1581,-1600
-1935,-1992
-1296,-1299
-1719,-1712
-1495,-1487
-1518,-1520
-1743,-1701
-1566,-1576
-1702,-1757
-1246,-1259
-1584,-1609
-1651,-1652
-1382,-1413
-1258,-1256
-1187,-1209
-1676,-1638
-1647,-1658
-1317,-1327
-1513,-1507
-1713,-1715
-1789,-1782
-1793,-1837
-1376,-1387
-1358,-1364
-1840,-1846
-1844,-1851
-1635,-1630
-1926,-2004
-1644,-1640
-1464,-1453
-1512,-1532
-1339,-1356
-1711,-1718
-1326,-1338
-1286,-1316
-1495,-1475
-1681,-1715
-1918,-1903
-1842,-1848
-1685,-1595
-1492,-1500
-1152,-1159
-1590,-1575
-1341,-1368
-1783,-1825
-1146,-1160
-1713,-1710
-1714,-1708
-1921,-1911
-1483,-1467
-1549,-1516
-1734,-1715
-1463,-1471
-1928,-1913
-1984,-2019
-1322,-1365
-1623,-1648
-1719,-1748
-1166,-1173
-1854,-1911
-1424,-1419
-1576,-1601
-1789,-1764
-1916,-1918
-1523,-1507
-1395,-1413
-861,-876
-1423,-1446
-1276,-1283
-1437,-1421
-1219,-1175
-1758,-1757
-1920,-1912
-1904,-1918
-1587,-1576
-1578,-1595
-1295,-1267
-1036,-1066
-1359,-1350
-1754,-1809
-1654,-1645
-1312,-1313
-1438,-1426
-1517,-1500
-1719,-1735
-1626,-1604
-1693,-1705
-1536,-1531
-1626,-1594
-1478,-1453
-1425,-1424
-1192,-1224
-1185,-1171
-1983,-1992
-1540,-1546
-1709,-1736
-1662,-1659
-1554,-1516
-1608,-1635
-1125,-1130
-1779,-1744
-1507,-1506
-1849,-1853
-1768,-1776
-1653,-1617
-1050,-1044
-1569,-1580
-1373,-1378
-1389,-1406
-1465,-1408
-1582,-1560
-1413,-1401
-1863,-1849
-1747,-1773
-1707,-1701
-1597,-1617
-1410,-1395
-1158,-1168
-1604,-1593
-1239,-1243
-1722,-1718
-1624,-1680
-1471,-1462
-1471,-1482
-1720,-1710
-1347,-1340
-1921,-1915
-1398,-1423
-1631,-1626
-1304,-1291
-1654,-1699
-1344,-1309
-1511,-1497
-2064,-2058
-1780,-1781
-1447,-1425
-1612,-1601
-1230,-1217
-1209,-1164
-1544,-1494
-1800,-1775
-1802,-1810
-1803,-1788
-1408,-1400
-1434,-1425
-1493,-1470
-1427,-1464
-768,-636
-1582,-1562
-1660,-1652
-1922,-1917
-1388,-1393
-1577,-1603
-1234,-1234
-1613,-1595
-1401,-1370
-1525,-1519
-1697,-1735
-1906,-1911
-1227,-1216
-1314,-1305
-1569,-1614
-1429,-1411
-1176,-1166
-1349,-1346
-1242,-1277
-1657,-1619
-1206,-1196
-1649,-1652
-1318,-1345
-1565,-1593
-1322,-1317
-1788,-1768
-2050,-2048
-1754,-1733
-1720,-1715
-1275,-1223
-1546,-1577
-1435,-1430
-1248,-1249
-1503,-1543
-1592,-1580
-1159,-1260
-1337,-1324
-1255,-1241
-1640,-1649
-2057,-2056
-1264,-1287
-1482,-1463
-1440,-1399
-1927,-1992
-1546,-1541
-1364,-1371
-1335,-1349
-1302,-1277
-1652,-1674
-1516,-1521
-1486,-1456
-1632,-1616
-1336,-1397
-1785,-1769
-1710,-1728
-1847,-1860
-1646,-1660
-1732,-1720
-1518,-1510
-1914,-2060
-1417,-1434
-1645,-1643
-1759,-1771
-1423,-1436
-1571,-1569
-1640,-1663
-1663,-1645
-564,-929
-1437,-1445
-1565,-1581
-1617,-1618
-1651,-1643
-1093,-1079
-1397,-1417
-1511,-1506
-1492,-1513
-1298,-1296
-1929,-1959
-1588,-1582
-1778,-1752
-1628,-1644
-1585,-1555
-1687,-1711
-404,-913
-1452,-1460
-1358,-1330
-1716,-1713
-1716,-1716
-1602,-1597
-1316,-1289
-1652,-1655
-1312,-1287
-1631,-1655
-1179,-1238
-1267,-1271
-1525,-1512
-1718,-1724
-1917,-1927
-1421,-1430
-1256,-1234
-1987,-2027
-1586,-1571
-1768,-1784
-1688,-1705
-1699,-1676
-1552,-1561
-1237,-1232
-1840,-1892
-1506,-1538
-1561,-1522
-1768,-1772
-1315,-1332
-1524,-1508
-1664,-1630
-1710,-1723
-1459,-1459
-1523,-1518
-1425,-1460
-1423,-1411
-1917,-1911
-1565,-1552
-1911,-1882
-1908,-1911
-1244,-1238
-1415,-1431
-1293,-1326
-1524,-1511
-1555,-1541
-1477,-1483
-1421,-1434
-1770,-1768
-1785,-1746
-1169,-1140
-1338,-1328
-1907,-1927
-1517,-1521
-1761,-1767
-1767,-1756
-1435,-1397
-1846,-1852
-1444,-1450
-1322,-1327
-1428,-1411
-1248,-1259
-1082,-1103
-1512,-1522
-1933,-1993
-1783,-1842
-1628,-1586
-1521,-1517
-1510,-1527
-1602,-1603
-1990,-2008
-1453,-1457
-1720,-1715
-1314,-1312
-1771,-1771
-1720,-1711
-1103,-1074
-1524,-1535
-1668,-1664
-1721,-1716
-1317,-1327
-1916,-1918
-1479,-1506
-1002,-1061
-1393,-1365
-1780,-1788
-1705,-1724
-1358,-1368
-1464,-1474
-1797,-1778
-1570,-1578
-1379,-1378
-1748,-1787
-1793,-1792
-1995,-2067
-1612,-1582
-1288,-1307
-1801,-1800
-1410,-1419
-1640,-1662
-1545,-1537
-1601,-1608
-1565,-1568
-1671,-1653
-1177,-1174
-1775,-1732
-1865,-1853
-1373,-1397
-1245,-1284
-2069,-2049
-1761,-1768
-1641,-1630
-1487,-1475
-1700,-1708
